-0.5457
0.5715
0.8549
1.1021
1.5606
1.2659
0.4239
-0.0233
-1.1116
-2.0198
-1.3178
-0.8009
-1.9152
0.0580
-1.0518
-0.7255
-0.2766
0.1797
0.8853
0.1640
0.0515
-1.4965
-0.0170
-0.5929
3.2844
0.8954
1.2829
0.0467
-0.1991
0.8359
-0.8997
-0.2898
0.3283
-0.3124
-1.4301
-0.8849
-0.9158
-0.2953
-0.2381
-0.9020
-0.4249
-0.1916
0.7526
-0.5171
0.8691
0.8989
0.4548
-1.5206
-1.9223
0.8050
-0.2788
1.4564
0.9603
-0.0417
2.3408
0.8707
-1.3194
0.3603
0.6110
-0.0815
0.1943
-0.2184
-0.5069
-0.9967
-1.3674
-1.1475
0.4342
-0.4862
1.0681
-0.0458
-0.0025
-2.0654
-0.2465
0.0892
0.0009
-1.7444
-1.0730
-0.6829
-0.9225
-0.6610
-1.9031
-2.9252
-2.4193
-1.2420
-0.5301
0.2396
-0.1386
1.2400
0.4696
0.6219
0.7991
-0.0267
1.2147
1.8303
0.6157
0.2587
0.8374
0.3206
0.6311
-0.3315
-1.0663
0.5603
-1.3736
-1.6142
0.2943
-0.6466
-0.2791
-0.6836
-0.1307
-0.7165
0.4480
0.4096
0.6329
-0.1839
0.1804
-1.8394
0.4733
0.3472
-0.5197
-1.3872
-1.5141
-0.2653
-1.5081
-1.0831
-0.4358
0.3217
0.5521
1.4909
-0.2722
0.0962
0.1479
0.1577
-1.4763
-0.6358
-0.7711
-0.4775
0.3002
0.4500
-1.0504
0.6067
-1.5442
0.0130
-0.5708
1.0406
2.1816
-0.1295
1.7373
-0.5309
0.9604
-0.0527
0.6237
-1.3133
-1.3899
0.1234
-0.0984
1.8298
0.0429
-0.0931
0.8061
0.5963
-0.8418
-0.5579
-1.1786
-2.1341
-1.2680
-2.2289
-2.3321
-1.8324
0.5856
1.2574
1.2724
1.5242
0.4194
-0.2977
-1.6840
-2.7015
-0.3861
-2.3680
-0.2203
-0.5354
0.7134
0.3192
1.1317
-0.5927
1.2904
-0.5789
-0.6214
-2.6534
-0.6641
-0.7982
-1.0859
-0.7485
-1.2770
-0.7777
-0.6941
-2.1838
-0.7056
-1.1984
0.6488
1.2422
0.7203
-0.2184
1.3046
-1.4841
-0.9151
-0.0538
0.0689
1.4017
1.6214
0.9955
-0.4726
0.4332
0.6529
1.7161
-0.1447
-1.3065
-2.2604
-2.1846
-1.2454
-1.2065
1.1139
-0.5114
-1.5251
-1.7323
-2.4728
-0.8058
-0.1579
-0.6722
-0.5108
0.9006
-0.3285
-0.2736
0.4112
0.4543
0.0285
-0.7216
-0.8361
-0.6477
1.8403
0.5048
-0.2043
0.3124
-1.0914
0.0602
1.0005
0.1757
-0.1497
0.0210
0.8792
0.3530
-0.4967
-0.3960
-0.3530
2.3901
1.1167
0.7632
0.1717
0.4038
0.6730
0.3162
0.3831
-1.1137
-0.2926
-1.8613
0.4868
0.0486
0.3009
-0.0450
-0.2544
0.3801
-1.9130
-0.8717
-1.0826
-0.7385
0.6488
-1.2036
-1.7142
-1.0768
1.0419
2.5611
2.3546
0.2001
-1.0413
0.2900
-1.6071
0.1234
0.3411
-0.0147
1.2341
0.9792
0.8195
-0.1690
0.7731
1.7886
2.0158
0.5785
0.2513
0.2937
-0.2438
1.0795
0.6473
-0.7140
1.6114
1.8503
0.6928
-0.5392
0.3748
-0.6545
0.2002
1.2652
1.2304
0.6081
0.8242
0.2135
0.8167
-0.0286
0.5351
-1.0152
-0.7795
0.5064
0.3266
1.3279
0.4138
0.2544
0.3888
1.5762
2.3775
1.4712
0.6401
0.9798
0.6490
1.0408
2.2032
0.8746
-0.3816
-0.5530
-2.3841
-1.7701
0.4009
-1.8714
-0.0988
-0.1124
0.6498
2.4204
0.8575
1.8628
0.5496
-0.4422
-0.9305
-1.7018
-1.7077
-2.3896
0.7423
0.6139
0.1425
1.4212
0.1073
0.1219
0.1025
-0.5040
1.0749
1.2941
-0.0044
1.3303
0.6290
0.5742
-1.5004
-0.7683
0.4684
-0.9112
-0.4995
-0.2643
-0.2257
2.1043
1.9601
2.2841
1.5280
0.7419
0.9635
0.0199
3.3761
0.6415
1.2697
0.3283
0.0161
0.5285
0.0868
1.4166
0.5989
1.8065
-0.1217
1.5428
0.2943
-1.3159
0.8845
0.9830
1.7225
2.5186
2.0378
-0.5936
0.0713
-2.5507
-0.5918
0.2407
0.9093
-0.3333
1.2123
0.1775
1.2948
0.7459
-0.3494
1.0354
-0.6829
-0.8985
0.4051
2.0158
0.9614
0.3262
-2.1393
-0.7169
-2.3043
1.2491
-0.6682
-0.7648
-0.6892
-1.1479
-0.7714
-0.8550
0.1272
0.4043
-0.2860
-0.9112
-1.0937
0.7727
-0.5251
1.7127
0.1778
2.7727
-0.6567
1.7531
0.8912
0.3674
-1.7970
-0.1161
0.7023
0.1137
-0.9118
-1.2037
-0.3465
-1.1204
-1.0085
0.3798
0.9469
0.9958
-1.8916
-0.9397
-2.3188
-1.7056
-2.1874
-0.1248
-0.9638
-0.3623
0.5275
-0.2643
-1.1683
-0.7546
0.3864
-0.5107
0.4002
-0.2508
-0.5530
-0.9362
0.5942
-0.7652
-1.7513
-0.0122
-0.3961
-0.2365
1.8731
0.6757
0.9690
-0.3631
-0.7996
-0.8998
-2.0420
-2.2519
-3.2141
-2.6804
-0.8447
1.2632
0.9998
0.6818
-0.4128
-1.4505
-1.6655
-1.0575
1.1830
0.9364
0.2150
0.7026
0.4304
-0.2357
2.5054
1.1039
0.4900
-0.9569
-1.4049
-1.2652
-0.0393
-0.6245
0.9856
0.9299
0.0584
0.4796
2.0393
0.4729
-0.6612
0.9758
0.2616
2.0548
-0.7630
-1.4526
-1.1631
-2.0555
-1.5297
-1.5114
-0.0145
-0.3451
0.2023
-0.3597
-0.3147
-2.1411
-1.3653
0.0564
-0.4415
1.8577
2.9328
2.4500
0.9123
-0.0963
-0.4668
-0.2442
-0.3479
-0.5846
0.6015
0.7733
-0.6078
-1.2410
0.8684
0.3384
0.2979
2.4054
0.8810
0.5793
-0.4632
-0.9515
0.5418
0.0987
-0.3243
-1.0688
-0.2261
1.4790
2.1313
2.1557
0.0031
-1.9904
-1.0946
-1.0757
0.4758
1.8625
1.7268
0.3798
0.1275
0.9106
-0.0292
-0.6573
-0.3290
0.2472
-0.0554
0.5401
0.1634
0.8209
-0.3692
0.9260
0.1098
1.0855
1.1424
1.9248
2.5599
1.3952
1.3769
1.3261
-0.4413
0.9542
-0.0974
-2.4744
-0.1196
-1.6841
-1.4314
-0.8649
-0.3671
-0.8246
1.2484
0.4074
-1.3286
-1.1533
-0.5675
0.5963
0.0898
0.5770
-0.4965
-0.7525
-0.2656
-0.3385
-1.5755
-1.4877
-0.8303
-1.0608
0.0791
0.2145
-0.1371
-0.1983
-0.3712
0.7685
-0.4009
-0.0609
0.9823
-0.8006
0.3502
-0.3207
-0.9237
-1.6697
-0.9858
1.2564
0.2913
0.2470
0.1616
0.4003
-0.5779
-0.3904
-0.4591
-0.6890
-0.0692
0.7553
0.2945
2.3707
1.4474
0.7342
0.1674
-0.1457
-0.7593
-0.5196
-1.5129
0.6281
1.5081
1.0632
2.2347
-0.4506
0.7958
-0.0349
-0.3173
1.1059
1.0790
0.5571
-0.8222
-0.8424
-1.3937
1.5276
0.4583
1.6626
1.2385
2.6819
0.6434
0.9682
0.0367
-1.9914
0.3095
2.1473
0.7553
1.2162
-1.3210
-1.1104
0.8267
-0.2078
-0.3077
-1.8603
-2.9125
-0.1765
-2.4363
-2.1457
-0.7402
-2.1674
-1.3318
-1.7866
-1.0668
-0.7446
-0.6033
-0.3589
-0.9851
0.0212
0.6896
1.5330
-0.8200
1.8624
0.7328
0.1660
-0.1442
-2.0043
-1.0265
-1.4617
0.1333
-0.8113
-0.0442
-1.7895
-2.8908
-0.6268
-1.8612
2.0869
0.3928
2.5766
0.2302
1.1415
1.6486
1.6724
1.5516
1.6848
-0.1667
0.6878
0.2670
-0.9421
-0.4075
-0.4787
1.8372
1.5302
0.8797
0.2201
-0.8489
0.6659
1.8867
2.1987
1.1093
0.6013
1.1461
0.9507
0.9615
0.7573
-1.6467
-0.5211
0.4901
0.0897
-0.0846
1.3086
-0.9627
1.3149
-0.1157
-0.6495
-0.2459
-2.1510
-0.7127
-0.8304
-1.2786
-1.2659
-0.2002
0.4970
3.0369
0.7376
1.1918
0.3392
-0.2606
0.4179
-1.0301
-1.6965
-1.0527
-0.5849
-0.2495
1.0787
0.7475
1.8729
0.8179
0.0404
0.7645
1.0693
2.3569
1.4993
2.4092
3.4015
0.7622
0.2354
0.2821
-1.2249
0.6692
1.4929
0.5008
2.1242
1.3301
-0.7685
0.3322
-0.5651
1.7413
1.3662
-1.3294
-1.0105
-1.2866
-2.7311
-1.4035
-2.9009
-1.6016
0.5122
0.5202
0.4645
0.0871
0.3191
0.6796
1.4741
1.8327
-0.2035
-0.3933
-1.0970
-0.3254
-1.7146
-1.5366
1.4894
-0.0815
0.0768
-1.1372
0.6465
0.2797
0.9241
1.6302
-0.5678
-1.4570
-0.2068
-0.6009
-0.4181
-0.0522
-3.0172
0.3027
1.1065
-0.1875
0.7428
0.0714
-0.7944
-1.9498
-0.5158
0.5338
1.3211
2.2848
-0.7339
-1.2740
-2.7418
-0.5461
-1.2238
-0.3365
-1.6971
-1.4343
-1.6967
-0.3881
-2.5692
-0.7658
-1.5903
-0.6217
-0.2379
-0.3593
0.5342
-0.1001
1.1618
1.6230
0.5725
-0.8656
-1.4573
-0.6454
-0.1867
0.0776
0.2354
1.4791
1.1676
2.4237
1.9826
2.2148
-0.2012
0.7465
0.1640
-0.4429
0.4989
0.4447
-0.5491
-0.8768
-0.4872
0.3937
-0.5155
0.9181
-0.1669
0.3417
-1.8567
-2.7699
0.3760
0.4577
1.6556
0.3508
1.5421
-0.4186
0.6997
0.9440
-0.2108
-1.1695
0.2249
0.4167
-1.4390
-1.8399
-3.3426
-0.7173
0.9418
-0.5944
0.7256
0.9008
-0.2286
-0.9267
-0.5830
-1.0436
-0.6793
0.2143
-0.6630
-0.1041
-0.1208
-0.1659
-0.9404
-1.7202
-1.3593
-0.3468
-0.7396
0.3064
0.0492
1.1214
1.6929
1.7663
1.5474
0.8818
0.1621
-0.4419
0.5363
-1.0034
0.1130
-0.3407
0.4767
0.8761
-1.0577
2.3367
0.3735
2.5506
1.2551
0.2956
-0.9364
-0.1585
0.1934
1.0109
0.7560
0.3722
0.2648
1.1505
2.9792
-0.6690
-1.0936
-1.3936
-1.1495
-1.3169
0.3427
-0.0345
-1.0316
-0.5291
0.6386
1.2641
1.8903
0.8357
-0.6878
-2.2925
-0.2973
0.9995
1.8407
1.4170
-0.4070
0.5755
0.2084
-1.0622
0.0816
0.3301
-0.9255
-0.2947
0.1854
-0.3266
2.6451
1.5666
1.2368
1.8066
1.1623
0.6676
-0.9660
-0.7000
-0.2111
-1.5379
-2.0914
-1.1057
-0.0801
0.0001
0.4048
0.7883
0.8770
-1.2694
-1.6017
-0.0839
-1.1386
-0.8599
0.0503
0.5108
0.1049
1.2133
0.2560
1.6156
1.5978
0.4894
-0.6063
0.5517
-0.2603
1.1092
1.0022
-0.7204
-0.2193
0.7106
-0.4352
-0.2281
0.3333
-0.0291
2.0571
-0.3000
-0.1494
1.0995
-0.1328
0.2148
-0.0070
0.0035
0.7460
0.4759
-0.0996
0.2882
-0.1594
-1.9678
-1.0516
0.6071
0.5465
0.0150
-0.2100
0.1035
-0.0599
1.4330
0.9960
0.9579
0.4973
0.7577
2.1674
1.3613
2.2239
-1.5364
-0.3894
0.8668
0.6777
1.0749
0.7977
-0.0733
0.1324
0.7132
-1.0247
0.2648
-0.1572
-0.5001
-1.5266
-0.9825
-1.1248
-1.2645
-0.9321
-2.6276
-1.6640
-2.2216
-1.5138
0.7998
0.4880
-0.5746
0.3173
0.2494
1.6869
3.0114
2.5548
1.9997
0.6413
1.3934
-0.5754
1.0780
-0.7556
0.0894
-1.4841
-1.0445
-1.4977
-1.7844
2.0736
0.9559
3.0925
1.2986
1.3800
2.8011
-0.5231
2.0039
-0.2758
-0.9402
-0.6701
-0.4992
-0.6293
0.0117
-0.1324
1.1264
-0.7053
-0.6560
0.1462
-0.3013
0.7900
-1.1958
-1.9686
-0.4159
-0.1810
0.7874
-0.0924
-0.7260
-1.9365
-2.6028
-0.0813
-0.1588
2.4183
-0.8051
1.3596
-0.8226
0.2817
-0.1727
0.3961
1.0665
1.9382
-0.9872
-0.9593
0.0528
0.0418
-0.1849
0.1984
-0.0568
0.7004
-0.3186
-0.0454
1.8719
2.2447
-0.3742
-0.6310
-1.8400
-2.0605
-2.4407
-1.4860
-1.4935
-1.2621
-0.2786
0.1298
0.1394
0.9713
-1.6153
-1.7018
-2.1553
-2.4110
-2.0025
-2.3067
0.4794
0.2332
-1.4774
-0.4916
-1.1089
-1.5990
-0.9528
-0.9544
0.9899
0.6079
1.4285
1.6699
1.8832
0.6066
1.5054
2.1299
1.6646
2.0942
1.1708
0.0793
-1.1251
-1.9862
-1.9930
-1.7341
1.2659
2.5572
0.3922
-0.0613
-1.2667
-1.5930
0.0141
-0.3699
-0.2048
-1.8407
-1.5004
-1.4795
-0.4465
1.8068
1.0850
-1.1373
-1.2938
-1.5181
0.2342
1.4201
0.1800
0.7715
-0.6364
-0.7983
-0.8472
0.0514
-0.3299
1.1886
1.9333
0.2538
0.4121
0.8511
0.3124
-0.9123
-0.1190
-1.4475
-1.4098
-0.1590
0.1798
-0.2664
-1.6553
-0.9480
0.1584
-2.0246
-0.2863
1.0859
-1.7215
-0.4867
-1.1153
-1.1876
0.5964
-1.5788
-1.5411
-1.1204
-1.9698
-2.3436
-0.8753
-3.0635
-0.7822
-0.8998
-1.8978
0.4219
0.7164
-0.6502
0.3399
-0.4806
1.1639
0.3699
0.2430
2.0917
1.2200
0.3409
1.6056
0.2583
0.4919
0.6332
0.2656
1.9278
0.3983
1.5155
0.4551
0.8193
0.2910
-1.2725
-1.2773
-0.7393
-1.1769
-0.2394
0.7794
0.7373
1.1467
0.8527
-0.5795
-0.9580
-0.2487
-0.7332
0.1965
1.9703
0.2046
1.0181
-0.0395
1.6087
2.1888
0.1969
-0.6290
-0.8730
-1.6423
-1.0977
0.2748
-0.2508
-0.5804
-0.4655
-1.6563
0.1310
1.6759
1.4949
2.2269
0.3364
-1.3941
-0.7650
-2.0651
-1.1816
-0.1927
-0.6459
-0.8081
0.8927
1.2142
0.1057
0.4220
-1.1361
0.0428
-0.7233
-0.0462
0.5540
0.2597
3.2667
2.0826
2.0727
1.5709
1.7499
-0.5463
0.7750
-0.8898
-1.6746
-1.2899
-0.7362
-0.4508
-0.5716
0.3205
0.3884
0.8183
-0.9020
0.2514
-2.7642
-2.5844
-0.6866
0.8902
-0.1681
0.1011
-0.7526
1.9146
0.4349
1.7058
1.1901
0.1210
0.3928
0.3752
1.2007
0.1718
0.4533
0.7677
0.8913
1.7695
2.7542
2.0740
0.0145
0.4819
-0.0547
0.5797
1.6568
-0.0320
-0.8241
0.5772
-0.7264
0.5170
-1.3814
0.6345
0.1813
-0.3600
-0.8641
-0.0025
0.2921
-1.1700
-0.4198
0.8003
0.1266
-0.5014
-1.8522
-0.2975
-0.2330
-1.0872
0.3962
-0.5516
0.5536
-0.0344
-0.1205
-2.2698
-0.3978
-1.1176
0.4419
-0.7149
-0.8768
0.9262
1.2333
2.4309
1.8648
1.8316
1.1487
0.9895
0.9071
0.7450
1.0872
0.8821
0.8124
-1.4072
-1.1547
-0.6698
-0.2738
-0.5112
-0.2336
-2.1874
-2.4297
-0.1606
-0.1735
-0.4250
-0.4862
-1.8932
-0.2784
-0.0046
0.9983
1.8455
0.2439
-1.0194
-1.2840
-2.0279
-1.3093
-0.8510
0.6332
1.3092
-1.5035
-1.0043
-0.8327
-1.6825
-0.2357
2.1870
3.1601
0.9432
-0.5862
1.2276
0.7895
1.6824
-0.1114
-1.2598
-1.2476
-1.2442
-0.8886
0.4510
1.9720
1.1446
1.9614
0.3122
0.5716
-1.2609
-0.6630
-0.4744
0.7544
0.4581
-1.2300
-1.0353
0.2115
0.9760
0.9720
1.1536
0.1684
0.5391
-0.5855
1.6128
-1.1728
-1.0815
1.2191
-0.1643
1.1180
1.7362
2.5708
3.0043
2.5471
1.0026
1.6181
-1.5978
1.1984
-0.4215
-1.0241
-1.0548
-0.0430
-0.0110
-0.5958
-0.2141
1.0085
0.1729
1.0484
0.3233
-0.4852
1.1967
-1.4954
-1.5028
-1.4725
-1.8583
-0.6534
0.9899
0.8304
1.1488
0.4751
1.1198
0.8257
-0.2829
0.2369
-2.1609
0.3596
-1.5026
-0.9641
-1.9454
-2.3465
0.9083
-0.5019
0.4895
-0.2646
0.0775
-1.6813
-1.5022
-0.8451
-0.4013
-1.0841
-0.0683
-0.9385
0.1136
0.0713
-1.2247
0.4948
-0.1702
1.4848
2.4263
0.6992
2.2778
0.8363
1.5640
2.2931
0.3701
2.1780
0.0622
1.0446
0.9808
1.0020
1.8213
2.7916
1.7506
2.4080
1.6401
1.0590
0.0253
1.2694
-0.7252
-0.5874
-0.2656
-0.1906
-0.1882
-1.1924
0.2259
-0.7749
0.0675
1.1222
1.1509
0.9690
-0.7040
0.3642
-3.6216
-0.6549
-0.0158
-0.9648
-0.1415
1.7129
0.8883
0.0360
0.2107
0.4985
0.9217
-0.0862
-0.7487
-0.8851
-2.6790
-1.8015
-1.1686
-0.7999
-1.5920
-0.2729
-0.1199
-0.0432
-1.2093
-1.7852
-1.3840
-0.5705
-0.9168
-0.8030
-2.4322
-0.4170
0.5467
0.3262
1.3207
-0.6211
-2.8828
-0.9991
-1.1540
0.2644
1.2397
0.9418
0.9987
-0.3094
-1.3939
-0.6673
-3.7343
0.1173
0.1569
1.5498
1.1976
-0.5320
-0.4551
-0.6876
-0.0234
-0.2197
0.9991
1.3395
1.2334
1.7184
-0.7950
-0.5779
-0.0473
-0.6869
0.5126
-0.7666
-0.5376
-1.1586
-1.5162
-1.7430
-0.9873
-0.6102
-1.6199
-1.8796
-1.8995
0.2340
-0.0341
-0.1884
-0.6381
-0.7499
0.2544
-0.4399
1.1081
-0.7087
-0.8584
-0.9332
-0.7726
-2.0885
-0.2198
-1.8122
-1.7078
-0.6308
1.3588
0.7556
1.6674
2.7268
1.2749
0.9746
-0.5318
0.8768
-0.2561
2.4409
0.8249
0.7028
1.0720
-0.1896
2.1807
0.9190
1.2410
-0.0785
-1.7686
-0.8322
0.1077
-2.1325
0.4115
-1.7603
-1.6170
-1.6549
-1.1018
-2.1777
-1.3770
0.2039
1.3950
-0.3409
0.1291
0.3381
-0.7763
-1.7880
0.4817
-1.1440
1.6105
-0.1418
0.3762
-1.1331
-0.6139
-0.0071
-0.1396
-0.2884
1.4464
0.9454
0.2773
1.2113
0.3072
-0.3701
-0.9011
0.0801
-0.2763
0.3506
-0.3397
-0.5836
-1.0720
0.1815
-0.0334
-0.6393
-0.2028
-0.3211
-0.3388
1.6608
2.8537
0.9084
2.2800
-0.2683
0.6775
0.4978
0.1288
-0.9433
0.8526
0.5394
-0.5167
-0.4502
0.3264
0.1587
-0.5513
0.7578
-0.6824
-0.5790
0.8816
-0.4073
0.8390
-1.1735
0.2233
-2.4740
0.1087
-2.8182
-2.2270
-1.3804
-0.0412
1.6482
0.3754
-0.0007
-0.5000
-2.7933
-0.7755
-1.2629
0.2547
0.6211
0.9775
0.0644
0.6206
1.2140
0.4925
-0.9114
-0.9895
-0.6950
-1.9315
-0.8084
-2.8965
-0.3162
-0.1108
0.3895
0.7873
1.3698
-0.2134
-0.4843
-0.5315
-0.0620
0.8304
-1.7683
-0.2104
-0.6616
-0.4442
-0.9848
-0.1504
-0.0893
-0.0480
-0.6693
0.6109
-0.1405
0.1669
1.0142
0.6208
1.3482
-0.7113
-1.0331
-0.6335
-0.8069
-1.3542
-0.5887
-0.5414
-2.7100
0.0424
-0.7924
-1.2550
-0.7256
-1.0989
0.6330
-0.4061
-1.0438
-0.9709
0.6918
-1.3042
-1.5172
-0.7753
-1.4476
0.2258
0.0485
1.7505
-1.4183
-0.0790
-0.3329
0.2772
1.2269
-0.4328
-0.6566
-0.2813
-0.4537
-0.6220
0.1098
-0.1203
-2.0205
-1.9881
-1.5309
-1.2787
0.5767
0.5091
2.3917
2.3122
1.2611
0.2910
-0.6260
-1.2938
0.0744
1.3637
1.1303
0.1971
0.8952
0.3951
-0.1204
0.4205
-0.7523
-1.0608
-2.9526
-0.5122
-0.5753
-1.9227
-1.5891
0.6475
1.5044
0.7807
0.7106
2.1682
-0.0570
0.7394
-0.1067
0.2390
0.6428
0.1875
0.8589
0.2953
1.1072
-0.3160
-0.2809
0.0250
0.9282
0.0791
1.2564
0.1629
-0.5740
-0.1935
-1.3113
-1.8865
-0.5466
-1.1125
1.3990
-0.2991
-0.9984
-1.9162
-1.5893
-2.7075
-0.3429
-0.7468
-0.2640
0.0618
-0.8745
-1.0070
-1.4750
-1.8658
-1.9120
-0.5608
-0.4103
0.1424
-0.6076
-0.4659
-1.5004
-2.1762
-0.0205
-0.6655
1.4088
0.8295
0.3741
-1.0042
-0.0182
1.2659
-0.2117
-1.2863
-1.5486
-0.8451
-0.1702
-0.4301
0.9873
-0.2808
0.9716
-0.5655
0.7777
0.5627
1.9317
2.5731
1.7467
0.3619
-1.4321
-0.1720
-0.8293
-0.2747
1.0126
2.3515
0.7217
0.9672
0.6773
1.3207
0.5325
1.3803
0.9428
0.7232
0.2158
-0.8909
-0.5909
-1.9424
-2.6350
-2.7355
0.1259
-1.1831
1.0150
-0.8425
-0.2882
-1.2536
-1.3122
0.9962
1.0480
2.8314
1.3039
-0.1330
-0.9989
-0.9338
0.5110
0.2973
0.9428
0.2826
0.1971
0.8584
-1.4359
-1.7075
-0.6787
-0.4713
-1.0665
-0.3702
-0.4821
-0.0884
1.2039
-0.1285
-0.5429
-1.4816
-1.3702
-0.4827
-1.0333
-1.9219
-0.0553
-0.1652
1.0361
-0.2114
-0.2024
0.5456
2.0328
0.0880
0.3011
-1.9278
-0.9222
-0.9022
-1.3332
-1.8289
-0.4337
-0.6210
2.7324
1.0926
2.1474
1.1671
-0.0035
0.1005
0.4213
-0.3196
-0.1064
0.3158
-0.2615
-0.7217
0.4081
-0.8481
-0.4713
-1.3922
-2.1766
-0.2435
-0.6704
0.6188
-0.6203
-0.4013
-1.7306
-1.7450
-0.2795
-0.4434
-1.2592
-0.0031
0.3846
0.2209
0.8625
1.4275
1.7765
0.9256
0.5027
-0.8255
-1.3630
-1.6515
0.8208
1.6455
0.8893
0.5271
-0.4416
1.6725
0.3557
2.4378
0.3264
1.8866
2.3093
2.2957
2.8102
2.7125
1.7469
0.9183
-0.6540
0.9935
-0.5416
0.5300
1.0560
1.0496
1.2246
0.5761
-1.3461
-0.2847
-1.2064
-1.4642
0.1877
0.0770
0.4896
-0.3259
1.3304
-0.4405
-0.5545
-0.6843
-1.9120
-0.9885
0.9008
0.3715
0.1850
-0.5531
0.8346
0.1279
-0.1464
0.3528
-1.5392
-0.3212
-1.3524
-0.0839
-0.0627
2.7390
2.2438
1.8296
1.1597
-0.3504
-0.1734
-0.0091
-1.2011
-0.0893
-0.2875
0.0011
-1.4820
-1.7565
-1.6724
0.0321
-0.4115
0.0088
0.3674
-0.1493
1.1946
0.3557
-0.2914
-0.3415
-1.9421
-1.4406
-0.1293
-1.2546
0.9600
-0.8926
-0.4316
-0.5956
1.1938
1.3457
0.6857
-0.3000
1.4262
2.4792
0.2964
0.0136
-1.0833
-2.5555
-1.0049
-1.3315
-0.6749
0.3271
0.0995
-0.2130
-1.2819
-0.5386
-1.3772
-0.2897
-1.0747
-0.5076
-2.0477
-0.8758
-0.4640
-0.7937
-0.7007
-1.6300
-0.7003
-0.6837
-0.2117
0.6383
1.0119
-0.4667
-0.1234
-1.4786
-0.9987
0.1921
0.2897
1.0590
-0.5472
-0.0124
0.1036
-1.4082
1.0141
-0.6116
-0.6964
-0.5486
-0.6182
-1.3478
-1.1087
-1.0178
0.0229
0.9515
-0.3126
-0.8788
0.1332
-0.9993
1.5403
0.5361
1.0307
-1.2647
-0.3660
-0.5156
0.6709
-0.6295
-1.0772
0.1867
0.0270
-0.7681
0.1021
-1.3497
-0.3585
-0.2461
-2.8500
0.2161
-1.8142
0.9001
-1.4159
-1.0614
0.2218
0.2607
1.0467
0.2025
0.9506
-0.2851
-0.9473
-1.2002
-0.2061
0.3770
0.3730
0.6262
0.1304
0.1223
1.1851
0.5644
0.2427
0.2856
-0.6347
-1.4767
-1.2227
-0.3617
-1.6366
-0.0415
0.1544
0.8031
0.5067
1.0967
-0.1904
-0.9289
-0.8557
-1.5232
0.1854
-0.5050
-0.6486
-0.1136
-0.3326
-0.1547
0.0854
0.9092
0.8240
0.2082
-1.4142
-1.0172
-0.1514
0.9400
0.4129
-0.7685
1.2604
-1.3781
0.1328
-0.1103
-0.1672
-0.0562
0.7946
1.0813
1.5907
0.1725
0.6355
0.2162
0.1535
-0.2120
0.6569
0.5675
-1.0188
0.2355
0.1944
-0.3248
0.1837
1.6327
1.4328
1.6853
0.8002
2.0255
-1.0537
-1.0574
0.2139
-1.1211
2.1249
0.8882
2.4617
3.5048
0.9433
1.1261
0.4383
2.4462
3.1577
3.3685
1.7773
0.5456
2.2485
0.5433
-0.0897
-1.0363
-1.3466
-0.5533
-0.9895
-2.0364
-2.5113
-0.8588
-1.1997
-0.0562
-0.3567
-0.3320
-0.2204
-1.1041
-2.0282
-2.1839
-2.3712
-1.8192
-1.0951
-0.3313
0.7257
0.4485
1.2486
1.4578
1.6241
1.1544
0.5661
0.0729
-0.6201
-0.6273
-1.2934
-1.9871
0.1822
0.0862
1.1191
-0.1342
-0.4402
1.8348
-0.4168
0.3443
-0.4318
-0.2861
-0.4265
1.5120
2.5763
0.2235
-0.4466
0.2868
0.9699
-0.1518
-0.8876
-1.0511
0.2221
-1.6082
-0.3898
-0.1958
-0.0772
1.7379
1.0593
-0.8562
-0.5362
-1.0927
-0.1299
-3.3466
-1.1244
-2.3174
-0.8398
-1.7886
-0.9190
0.4901
-0.6357
0.8504
0.1713
1.9458
-1.0635
-1.6396
-1.4261
-1.8402
-2.1709
-1.9988
-2.3664
1.5708
-0.9630
2.8639
-0.3403
1.3186
0.3642
1.0268
1.8859
2.5118
3.4600
1.7243
-0.4604
-0.6050
-0.9559
-0.1571
1.0208
-0.3533
0.1198
0.7637
-1.3870
0.1291
-0.2935
-1.1604
-0.9097
-1.5198
-0.5291
-0.9844
-0.2706
-0.3319
-1.0163
0.1294
0.2043
-0.2515
-0.2159
-1.0925
-0.0767
2.2477
-0.1679
-0.8877
1.1565
1.6307
1.1350
-1.0212
0.7917
0.4481
-0.0916
-0.8941
0.2486
-0.2810
-0.5833
0.8125
-1.1030
0.2248
-1.6926
-1.2500
-0.4602
-1.4223
-1.4255
-2.8057
-2.3502
-1.0120
-0.0701
-0.8325
1.4093
0.3705
0.8490
-0.9317
1.9143
0.6541
2.1624
1.4491
1.2046
1.3523
2.0662
3.1502
1.4671
1.1013
-0.3628
-3.0689
0.3042
-1.2498
1.5646
0.5540
1.7495
1.2763
1.7458
-1.1999
0.5918
-0.4039
-1.1621
0.3923
0.1289
0.7213
1.0425
-1.2398
1.0649
-0.3057
-0.1003
-0.7177
0.0246
0.7906
-0.6326
1.4223
-0.2972
0.6668
0.9204
0.8143
0.8587
0.6300
0.3646
0.2413
1.1557
0.6348
0.4611
-1.7814
0.4964
-0.3699
-0.2038
-0.9945
0.3341
0.2318
0.7269
1.7395
0.6239
1.4913
-0.6707
-0.4273
0.0817
-0.0386
-0.1089
-1.5718
-0.3418
1.2399
0.8690
1.2183
-0.8242
0.8969
-0.8649
-0.2514
-1.1830
-1.5729
-3.3954
-2.1539
-2.0813
-1.3582
-0.5869
0.3118
0.0295
0.8519
0.6901
-0.9052
-0.4826
0.4515
0.1072
1.6276
2.2564
2.3865
0.7071
0.7171
-0.8082
-0.3418
-1.7526
-0.1451
-0.9760
-0.5062
0.0427
0.1557
0.2709
1.7502
-0.4441
-0.9929
-1.2840
0.6258
0.1448
1.4280
0.1878
-0.2411
0.8255
0.1059
-1.4033
0.6015
1.6374
0.8959
1.7811
1.4466
1.1546
-0.8402
-2.4130
-2.8824
-1.7343
-2.1184
-1.0792
-1.5800
0.1991
-1.8306
-0.2690
-1.2236
1.9803
-0.5720
-0.7910
0.3584
-0.3415
-1.0370
-1.0070
0.8302
1.8654
-0.0175
1.2503
0.0134
-0.4432
0.6102
0.4704
-0.9118
-0.9231
-0.4478
-0.0528
-0.5509
-0.7400
-0.5421
0.0459
-0.6257
-2.2503
0.7453
0.0868
0.1255
1.3309
1.7932
1.5729
1.0062
3.2230
0.6184
-0.7010
0.2427
-1.0177
1.0942
1.3010
0.4749
1.8400
1.1178
1.2966
-0.2713
1.0600
1.1377
-1.2164
-0.2716
0.2786
0.1444
1.1717
-0.5312
-1.2258
-0.3329
-0.1652
1.9075
0.9781
0.2282
0.6415
-0.1997
-1.5676
0.4151
-1.5047
0.9135
-0.6755
1.5098
2.0789
1.2792
2.0832
0.6524
-1.5362
-1.3174
-1.4449
-2.4031
-2.2862
-1.6952
-1.3209
-1.2423
-1.2695
0.4093
0.9473
1.6971
1.7400
0.3287
1.8185
0.2643
1.1411
-0.1845
-0.0413
0.4248
-1.3609
-0.1207
0.4073
0.3310
1.6804
2.0019
-0.1842
-0.3990
0.7729
-0.5062
-0.4823
0.3243
-0.9581
1.0107
0.6955
-0.4064
-2.0973
0.1414
-0.4556
-0.0826
-1.3402
-2.0209
-1.9008
0.4612
-0.2545
-0.9864
0.9424
1.8614
2.7449
0.5946
-0.0350
-0.0500
-0.2647
-0.7164
-1.2390
-1.3914
-0.8489
-1.4814
-0.6933
-0.1561
1.3514
0.5453
-1.0519
0.6766
-0.5545
2.5766
1.1294
2.5554
2.3019
0.5420
-0.4722
-0.6206
-0.4258
1.4172
1.4359
-0.9843
-1.5812
-0.2652
-0.3054
-1.7350
-1.0306
-0.8504
-1.2726
0.1190
0.0740
0.1455
-1.3338
-0.9085
-1.0596
0.2565
-0.4143
-0.1093
0.1590
0.2687
0.5820
-0.2696
0.1308
-0.1013
1.8117
1.1214
1.5342
1.6268
-0.7930
-0.0356
-0.3275
-0.3893
-0.3579
1.0863
-0.2056
-1.8573
-1.1478
-1.6705
1.4849
1.5840
1.2553
2.2118
2.0717
-0.8241
-1.0351
-0.1745
0.5524
0.1506
-1.7159
-0.4397
-0.4785
0.2080
-1.4082
-0.1750
1.1622
0.8668
1.2464
1.7962
-0.0221
0.6666
0.2440
-1.2467
0.0781
-0.9376
-0.8789
0.6891
-0.8544
-0.3683
-0.6486
0.5747
-0.8495
0.0518
-0.7690
1.3879
0.9670
0.3346
2.5417
0.8620
1.3986
-0.1632
0.5846
-1.0939
-0.1938
-2.0511
-0.7808
-1.1913
-2.5086
-3.0887
-2.2958
-1.5669
-0.6871
-2.0083
-0.3532
-2.6252
-1.0030
-0.0838
-0.4082
0.1711
1.8694
-0.0453
3.1131
0.6233
1.7054
0.7436
0.7317
0.5302
-0.3814
1.5331
0.9522
0.5315
-0.7982
-0.8767
-0.3204
-2.1068
0.0047
0.0748
-0.1340
-0.6399
-1.0553
0.6149
1.8812
-0.5470
-0.1557
-0.6928
0.0185
-2.1627
0.6073
0.7170
1.6501
-0.7008
1.3355
-0.0465
-0.1127
-0.6075
-0.7188
-0.8461
-1.3144
-2.1305
0.6943
0.6832
0.5235
-0.3395
-0.8682
0.0360
0.5044
-0.6413
-0.9408
-1.7722
-0.8102
-1.6784
-1.0913
1.1598
1.3705
2.0844
1.1957
0.2139
-0.4355
-1.8029
0.5236
1.5052
1.4860
-0.7050
0.3564
0.3125
0.8533
0.0205
-1.0760
-0.6886
-1.0930
-0.3162
1.2014
-1.6353
-0.5924
0.0451
0.3646
-0.2824
0.4004
0.9099
0.0204
1.2370
0.8084
0.1765
0.2581
0.8203
0.2647
0.6522
2.3190
2.2183
2.4704
1.7474
2.5630
2.3103
3.0631
0.8826
0.2305
-0.4966
-2.0164
-0.0227
-1.6799
-0.1665
-1.0671
0.3135
-0.1827
-0.0338
0.6645
1.4659
1.5037
0.5370
1.1061
-0.0392
1.5040
-0.1827
0.5508
0.3286
1.3521
2.2871
2.5840
3.8110
1.8391
0.2921
0.8925
0.5417
1.7699
1.1962
0.5514
-1.1375
-1.0835
-0.6639
0.1128
0.4806
0.6527
0.4843
1.4252
0.0761
0.0893
-0.3453
-0.7475
-0.0614
-0.5236
0.0373
-0.6553
0.4616
-2.1153
0.1711
-0.8027
-1.1194
-0.5201
0.2462
-0.2389
1.3742
1.4499
0.6851
-0.3816
0.0742
-0.7473
0.6055
0.0971
1.0707
-1.4408
0.4491
1.3209
0.7855
1.1690
1.6502
1.2002
1.3686
1.4353
0.2635
-1.0879
0.0350
0.2256
0.3303
1.8965
2.4396
0.8963
1.2881
1.3179
0.0902
-1.6890
0.4759
-0.1494
0.7699
-0.9864
0.1841
-0.8325
-1.0187
0.6926
0.4813
-0.1021
0.9611
0.4186
0.2999
0.1720
1.9238
0.9824
0.8007
-0.4684
1.6250
0.2293
1.8932
1.1996
0.5688
-1.8288
-0.6097
-2.4277
-2.0223
-1.6351
-0.7769
-0.9688
-0.4880
-0.6232
-0.7085
-0.0495
-0.0069
0.3199
1.1993
0.0223
0.2675
-1.7892
-1.1050
2.7128
1.3976
2.5435
0.6799
0.1602
1.1915
-0.9382
2.0502
1.3468
1.8813
0.5122
0.2282
1.6481
0.8512
1.7433
1.2238
0.8317
0.0163
-3.1582
-0.7223
0.2262
-0.6421
-0.1700
-0.5598
1.0768
-0.2507
0.4971
1.6495
0.8101
1.1351
-0.4719
-1.1986
-2.4525
1.0340
-1.8748
-0.4890
-2.5734
-1.8081
0.7842
0.4938
-0.7941
-1.2348
-0.0180
-1.8367
0.1892
-0.0992
-0.0602
-0.2194
-0.2777
0.4019
0.0933
0.0386
0.1785
-0.9706
-0.6306
-0.8552
-0.8085
-1.1371
-0.3565
-0.0201
0.6486
2.6168
0.3414
1.1181
-0.5247
0.8912
-1.4362
-1.3236
-0.8869
-2.7009
-0.6379
-0.7777
-0.3316
-1.0634
0.9408
0.3462
-0.9713
-0.4428
-1.6256
-1.1729
1.0130
1.0494
0.3048
0.1170
-1.5226
-2.2935
-2.0042
0.1062
-0.4169
0.3433
1.0312
0.5324
0.1672
-0.7212
-0.6448
0.7249
2.2967
1.6901
0.4754
-0.6650
-0.2521
0.3800
0.2739
1.8535
-0.1388
0.1150
0.1680
-0.3295
1.2653
0.1232
-0.5009
0.5751
0.1986
-1.1812
-1.4594
-0.0391
0.2685
0.2820
-0.3927
-0.1109
-0.0781
1.8432
-0.1761
0.1875
0.1349
-0.0455
1.7824
-1.3328
-1.7864
-2.8985
-2.3024
-1.2481
-0.2664
0.2089
1.8198
-0.1478
0.7800
-1.0057
-0.3947
0.4433
-1.8212
-1.1066
0.0032
1.1454
1.7632
-0.5691
-1.3294
-1.4904
-3.4707
-1.8557
-1.8200
-1.3603
-3.3295
-3.4287
-2.9148
-2.1269
-2.2492
-1.2129
-0.1345
1.3989
2.1313
2.2454
0.8495
1.6446
1.9551
-0.1175
-0.9432
-0.1106
0.3291
1.3074
-0.2771
1.2896
0.3735
0.4993
-1.5551
-1.5699
-0.7668
-1.0043
-0.5944
0.2035
0.5245
1.5153
-0.4162
0.3567
0.1933
-0.2969
-1.6762
-0.2157
0.5379
-1.7901
-0.6012
-2.3592
-1.6555
-0.8645
-0.0756
-1.1458
-0.3013
1.2600
0.2124
-0.3393
1.1084
0.1705
0.3826
-0.7165
1.0366
-1.8767
-0.3651
-1.2035
-1.5282
-0.4249
-0.4165
-0.0043
-0.4407
-0.8705
-1.8941
-0.6353
-1.2093
-0.9305
1.2607
-1.0455
-0.6399
-1.7586
-0.2524
-1.5056
-0.9462
0.4031
0.4499
0.1761
-0.8213
0.2152
-1.4405
0.1630
0.5213
-0.5396
0.8929
0.9107
1.2476
2.3519
0.9495
-0.5025
-0.9567
0.1867
0.0570
1.1131
0.3107
1.3525
0.3824
-1.2489
-0.7480
-0.4704
-0.2648
0.4565
0.7641
2.0220
2.0843
-1.1926
-0.3369
-1.8590
0.0344
-0.4720
1.7306
1.1915
0.1434
-1.6955
-1.4109
0.4857
0.6212
0.3208
-0.5935
0.6561
0.6656
-1.4651
0.7325
1.1282
-0.3484
2.5515
0.2264
1.7567
0.4760
-0.2998
-0.8644
-1.7880
0.3757
0.3484
0.2654
-0.1782
-0.0043
-0.9133
0.1569
0.0072
-1.0408
0.1253
0.1320
0.3806
1.9285
0.7233
-0.5686
-1.6884
-0.9875
0.9684
2.0905
1.0766
1.2583
1.6691
0.3953
0.8889
1.3450
0.1154
0.7125
-0.5876
-0.1268
0.8712
0.5751
-0.5705
-1.2978
-0.1915
0.5350
0.8466
2.1311
1.7497
1.2298
0.7536
-0.9830
-0.4352
-0.7646
-0.8093
1.2788
0.2566
0.5096
1.0105
-0.9615
0.5273
0.2476
1.2739
0.4164
1.9320
0.2840
0.9404
0.3542
1.5600
0.4903
0.1035
0.2367
1.5298
1.1744
0.3520
-0.3895
-2.0145
-0.9821
0.0300
-0.4509
1.4592
0.9705
1.0267
2.4042
-0.2087
-0.7989
-1.9061
-3.0099
-0.4233
-0.6816
2.0390
1.6439
0.7356
0.0422
0.1032
0.1466
-0.3307
0.4576
0.4865
1.5513
1.5709
0.3147
-0.0361
1.4185
0.2195
0.4328
1.0901
1.2267
-1.3780
0.9169
0.5059
1.1626
1.1394
-0.6085
0.5025
-0.4124
-0.5159
-0.7284
0.3053
-0.5286
0.8579
0.9186
-0.2791
-0.5659
0.0789
-0.7802
0.4057
-0.8954
0.5740
0.1505
0.0553
-0.8275
-0.6278
-0.4814
-0.4420
0.2663
-1.0656
-0.9726
-0.9144
-0.6745
-0.6002
-0.7147
0.1362
1.0405
0.3835
-0.7058
-0.3886
-1.7870
-0.7997
-2.5327
-2.1413
-3.0125
-1.1943
-0.8518
-2.4322
-1.1977
-2.1929
-0.8048
-0.0076
0.1425
0.9601
1.4313
0.9818
-0.2936
-3.3525
-2.1957
0.1511
1.2164
-0.1028
-1.0078
-1.3413
-0.4215
-0.6044
-0.5191
1.2961
0.8970
-0.1142
-1.0597
-1.0465
-0.6674
-0.3761
0.7106
0.7756
-0.9428
-0.9167
-1.6755
-0.4053
-0.6996
1.1986
-0.6144
1.0726
-0.0438
1.0569
-0.4208
-1.3562
-0.1333
0.1503
1.2325
-0.1699
0.0970
-0.4667
0.2911
2.0180
2.8101
2.1731
1.1543
0.4939
0.0279
0.3330
0.4695
-2.2019
0.1637
-0.0683
-0.5074
0.9853
0.1102
0.6617
-0.4561
-0.8410
-0.7403
-1.8769
-0.4934
1.5244
3.0735
1.0824
1.8812
1.2825
1.6680
-0.4635
0.1646
0.7147
-0.4310
0.2821
-0.7547
-0.9034
0.5981
1.9091
2.5946
3.5659
2.3316
3.3054
1.7759
1.2873
1.2992
0.1820
1.1864
-1.2977
0.0449
1.0820
1.8594
0.7860
-0.7547
0.9789
0.5204
2.3804
0.8585
-0.2530
-0.5325
-0.5022
0.6960
-0.5282
-0.4088
-0.3381
-0.2589
1.0032
-0.2090
-1.8682
-2.7000
-1.9275
-0.9744
-0.0116
-0.9097
-0.5230
0.3812
-0.0674
0.3884
0.7527
0.3050
-1.6195
-0.7775
-1.5305
-0.1721
2.5298
0.9099
-0.0810
-0.0210
-1.2195
-0.4026
1.3855
0.4220
-0.7367
-1.9651
-2.1509
-0.2959
0.5205
0.9314
-0.3320
-0.1351
1.6692
2.1988
0.3993
1.4283
1.0494
0.3977
2.0083
1.0289
-0.4993
0.2099
-0.8718
0.5015
0.8595
0.0763
0.8869
0.0104
0.4136
1.4303
-0.4961
-0.3441
-2.1114
-2.6348
0.5294
0.1956
0.5013
-1.4477
-0.7903
-0.2992
-0.8141
-0.9681
-0.2649
0.8888
0.9462
0.5483
0.0965
-0.7550
0.1827
-0.0367
-0.8425
-1.2079
-1.1318
-0.6013
-1.5940
-0.7494
-0.4080
0.8140
3.2811
1.2462
1.5207
-0.5150
0.2860
-0.2991
0.6035
2.3827
1.6447
1.1776
1.6579
-0.0891
-2.4763
-1.7788
0.2371
-0.4874
0.1425
0.0271
1.1483
1.9699
0.5658
1.2566
-0.9091
-0.6268
-0.4785
-0.5211
-1.0268
-0.3415
-1.0495
0.5388
0.3063
-1.1790
-1.1482
-2.2972
-0.5823
-0.2116
0.3466
1.4004
0.1448
1.5176
-0.0640
-0.8692
-1.2549
-0.4620
-1.3441
-1.2369
-0.7557
-0.3373
-0.4174
0.3485
1.0759
2.1681
0.5122
-0.2770
-0.5526
-1.7280
-0.0483
-0.1375
1.4902
0.9008
0.7340
0.8908
0.3269
0.0298
2.1077
1.2878
0.3703
0.8322
0.3396
0.0072
1.0628
-0.7943
-1.6690
-0.0677
-1.8948
1.4098
-1.4224
-1.1751
-1.4063
-0.3242
1.2014
-1.3098
-0.9314
-0.1936
-0.0800
1.1481
0.6710
0.8616
0.1450
-1.2337
-0.5309
-0.1852
-0.5801
-0.2333
0.3457
-1.6076
-0.9028
1.4335
2.0493
1.0194
0.5659
0.7031
-1.0502
-0.5181
0.2304
-2.5428
-0.3802
-0.1346
0.0742
0.4198
-0.3324
-0.4546
1.2960
0.2453
1.1659
-0.7800
-0.5795
-1.6095
0.2180
-0.0627
-0.8407
0.5986
-0.9591
0.1850
-1.6376
-1.5229
0.5579
0.9570
-0.9069
-0.9424
-1.1176
-3.6070
-1.2830
-0.6946
0.7093
1.0222
0.9530
-0.0848
-1.4985
-1.9438
0.7320
-0.4476
-0.6888
-0.0800
-1.5939
0.1405
0.2429
0.5355
-0.9934
0.0582
1.6945
-0.5762
0.4506
0.1031
0.6278
-0.1375
-1.4120
-0.4238
-0.3841
1.3215
0.6984
-0.5699
-0.8893
-1.2106
0.4132
-0.2234
0.4297
2.1399
1.2120
1.2588
1.0785
-0.7940
-1.7414
-0.1060
0.4920
2.4897
0.7702
-0.5918
1.1860
1.8967
-1.0120
0.7255
-0.7362
0.6794
0.4594
-0.5278
-0.7379
-0.3124
0.3262
0.7572
1.9513
0.6199
-0.3318
-0.3006
0.7863
-0.3884
-0.0232
1.3792
-1.6699
0.9668
-1.6626
-0.6806
-1.0763
-0.1855
-0.1093
-2.0994
-1.3794
0.9102
-0.1823
0.3634
0.3466
-0.3333
-0.7416
0.2632
-0.3960
0.5982
-1.1809
-1.1593
-1.4955
-1.7381
-2.5564
-0.0945
1.1969
1.6832
1.5277
-0.3198
0.2179
-0.8539
1.3100
1.2906
2.6595
1.8372
1.4334
0.4378
-1.1775
0.7427
1.2604
-0.8419
-0.3938
-0.3864
-0.0549
-0.7904
0.8031
0.1316
-0.0006
-1.4437
0.8643
-0.4198
1.6137
0.1796
-0.6296
0.0072
-0.9182
-2.2130
-0.5730
0.0068
0.3771
0.5476
-1.0973
-0.8680
-2.1396
-1.8051
-3.1983
0.7409
0.4241
3.4438
2.2222
-0.0436
-1.1100
-0.0965
-1.7197
0.4100
0.1211
-0.1243
-0.0185
0.0944
0.3902
1.3666
0.6660
-0.9048
-0.7084
0.0447
1.0594
0.2008
-0.5277
0.2305
0.3367
1.3630
-0.0992
-0.6702
0.6171
0.8874
1.6461
-0.0180
-0.6942
-0.9651
-0.6730
1.5218
0.5565
2.0328
2.1909
1.1409
0.2246
-0.0751
-0.2921
1.1175
0.1387
0.6655
1.2078
0.8859
0.0113
-0.3701
1.3134
1.5308
2.6733
0.3170
1.4580
0.7388
1.3484
0.4048
0.9016
-1.3617
-0.3823
-1.1645
1.7467
-0.2942
0.9800
0.0518
-1.0911
-0.9493
-1.1597
0.9054
-0.0315
-0.3889
-0.6870
-0.4935
0.0156
0.4095
0.0642
2.0928
2.4159
2.4915
0.4573
0.9564
-1.2182
0.2815
-1.9382
0.7426
-0.7928
1.4806
0.1110
0.6016
-1.7467
-0.1711
-0.3873
-1.1898
1.3094
0.2627
-1.0692
0.2753
-0.1911
0.9156
-0.0159
1.5744
1.2665
0.7050
0.9844
1.3331
0.1890
0.9715
2.2338
1.8963
0.8027
1.7263
1.0862
0.2860
0.7001
0.7814
-0.0997
-1.0211
-0.9833
-0.7813
0.4713
0.5028
-0.7488
0.3110
0.0745
0.5398
1.1733
0.7481
0.1236
0.8171
2.4822
2.0411
1.3427
1.1502
-0.8474
1.3752
-2.9144
-1.6636
-0.8766
-0.3108
-2.0915
-1.6953
-1.6046
-0.4176
1.5138
0.8231
0.2878
0.7831
0.3096
2.3517
0.6917
2.3727
2.8951
1.1157
-0.6174
-1.1712
0.1901
-0.7270
-0.4613
-0.9472
0.7157
0.5387
-0.7760
-0.1165
-1.3136
-2.8020
-0.6943
-1.1681
-1.6651
-0.3656
1.6058
-0.8234
0.6681
0.8642
0.1761
0.5428
-1.3933
-0.2066
-0.1872
0.1520
0.5481
0.6652
-0.0136
-0.4086
-0.4891
0.4405
-1.4848
-0.1872
-1.6451
-1.7983
-2.1978
-1.7551
-1.7066
0.6418
1.0185
1.1907
1.3875
1.0765
1.1278
1.5615
0.2732
0.7495
-0.4056
0.7374
0.8064
-0.0583
1.6817
1.7665
-1.1387
1.7429
-1.6042
0.2417
0.4387
-0.0601
-0.4389
-0.7023
-0.0282
-0.8883
-0.0997
-2.3213
-1.7146
-1.0078
0.5639
1.0035
-0.1815
0.8162
0.3890
0.1741
-1.0553
-2.6504
-0.3629
-0.6281
-1.0386
-1.3265
-2.5266
-2.9626
-1.5956
-1.4290
-0.7633
-1.7373
0.6885
0.6681
0.3722
1.2874
2.6486
1.0395
0.7183
0.0476
0.1615
1.0084
0.0808
1.1452
-0.7162
-0.5142
-0.0786
0.2203
0.8775
0.9355
-1.2232
0.2197
0.3404
0.6694
-0.6183
0.3572
0.9355
1.0671
1.6693
1.7003
1.4448
1.3123
0.5314
-0.0810
-0.2205
-0.7637
-0.8088
0.5855
1.6967
0.8356
2.1055
-0.1633
0.6440
1.6578
0.5308
-1.5387
-0.1174
-0.0304
1.0007
2.0484
1.0111
0.1108
-0.7319
-0.8055
0.7365
0.1164
1.1411
0.3321
1.2947
1.2769
0.6788
0.0553
0.7953
0.3796
0.8464
1.3230
0.7474
0.5764
-1.4936
-3.1535
-1.2282
-0.6812
1.1445
-1.2367
1.0450
-1.5143
-0.7882
-1.6568
-0.9247
-0.2033
-0.7259
1.1710
-1.4507
-1.3821
-0.8663
-1.8659
-0.8390
0.7598
0.8073
3.2955
3.2172
1.4159
0.4437
-1.4009
0.8899
0.7450
-0.2640
-1.2042
-1.3889
-0.7036
-0.8838
-0.8073
-1.5784
-0.7828
-0.3727
0.6405
0.4537
0.3490
-1.0712
-0.7543
-0.1495
0.3051
1.8750
1.4430
1.9249
1.3385
0.9955
0.4105
-1.1584
-0.1776
-0.7217
-1.5252
-0.6174
-0.5483
-0.2304
0.0511
0.9235
-0.5728
0.2791
0.1738
1.0314
1.4118
1.2078
1.7776
0.4571
0.6777
0.6523
-0.6405
-0.7120
0.8159
0.1811
0.7424
-0.9823
-0.3616
-0.2224
-0.6490
0.2538
2.0465
0.7600
0.9269
-0.5895
0.9589
1.6200
0.0957
1.7293
1.0099
2.2700
2.7282
0.7003
-0.0749
-0.0617
0.5157
1.0723
0.1710
-0.1372
0.5065
-1.2099
0.3623
0.0555
0.2102
3.0913
0.7722
2.1438
0.2363
0.6501
-0.3300
-0.6605
-1.2810
-0.7545
-0.1173
-0.1411
0.0488
0.7184
-0.6059
-1.2687
-0.4389
-1.7828
-1.2312
0.1005
-1.1813
-0.2112
-0.8610
0.7573
0.4288
0.4896
-0.5911
-0.3362
-1.3756
-1.1519
-2.1493
-0.8211
-0.8535
1.3646
-1.0556
0.6480
-0.2546
-0.2039
-0.0206
3.2772
0.7986
1.1375
-0.4109
-0.9109
0.1013
-1.2205
1.0245
3.1002
-0.1893
1.6837
1.4901
0.9284
2.1101
1.4425
1.0428
1.5341
1.8022
1.6869
0.4015
-0.3719
0.1235
0.0241
-1.0173
-1.0127
0.0525
-1.3208
0.6479
0.5553
1.1421
1.5424
0.4909
0.0680
-0.9700
-0.2282
-1.4916
-1.8507
-2.3079
-3.3270
-1.4080
-2.3489
-0.2635
0.7238
0.8941
1.3897
2.8613
2.8792
1.9970
1.8132
1.5363
-0.2363
-2.4979
-2.7819
-0.7253
-1.0160
-0.2902
-2.1509
-1.3189
-0.0366
-1.1187
-0.6383
-0.8135
-1.3329
0.1575
0.5876
0.6961
-1.3511
-1.6155
-0.6327
0.9007
-1.4278
-1.3776
0.4907
0.3507
0.1671
-0.8752
-0.9685
-1.0506
-1.3239
-0.4845
0.7986
0.1569
0.2897
1.8777
-0.2421
-1.8373
-1.1733
-0.9316
-0.0073
0.5377
0.9702
0.2682
-0.1912
-2.1679
-0.5529
-2.4043
-0.4252
0.8095
-1.3146
-0.3622
-0.2566
0.1851
-0.7380
0.0973
0.3129
-1.2771
-0.1561
0.4935
1.2237
2.1657
2.4040
0.1981
-0.0808
0.2362
0.0943
0.4518
-0.3851
-2.6098
-0.9792
-1.4423
0.8471
0.8251
1.8708
0.0321
-0.9330
-3.0274
-1.9425
-1.6615
-1.2720
-1.1095
-0.0756
-0.2786
0.9515
0.1650
1.2675
1.4444
-0.3118
-0.4761
0.2936
-0.8999
0.0392
1.1065
0.7055
0.2614
2.7360
0.4687
1.4121
0.1349
1.7055
-2.0414
-0.9050
-0.1063
0.6643
0.8259
0.4953
2.2600
1.0699
1.6785
0.4542
-1.0734
1.2081
0.0909
-0.2479
-0.1762
-1.7355
-0.3934
-1.2985
-0.0589
0.7734
0.0067
1.3827
1.2953
-0.0150
0.6863
-0.4748
-1.0552
-0.5243
-2.7513
-0.1647
-2.2533
-0.7938
-1.3905
-0.5761
2.1268
1.1359
3.1482
0.4146
-0.4664
-0.4452
0.4758
0.0885
0.7792
-0.3492
0.2329
1.1160
0.4297
0.6637
0.8381
-0.4884
0.5587
0.0814
-1.3990
-0.0396
-1.9373
-0.7333
0.7772
-0.6536
-2.5700
-1.4504
-1.4105
-0.0894
-1.9095
-0.5975
-3.2331
-1.3619
-2.8392
0.0084
0.7864
1.8081
1.5472
-0.7859
-1.7576
-0.6709
-2.0965
-2.3720
-0.9638
-1.2837
-1.0375
-0.4659
-0.0099
0.6710
0.2419
-0.5776
-0.3774
0.1122
-0.1050
1.7036
1.5883
0.9560
-0.4668
-0.2297
-0.9136
0.1959
1.1438
0.5971
1.6141
0.2902
1.4388
-0.8824
-0.0114
0.6461
0.0838
0.6747
0.0508
-0.1984
-0.1947
0.0963
-0.1790
0.4609
2.2418
0.9019
1.4684
0.8715
-1.9359
-1.9892
-3.1510
-1.6102
-0.1923
0.7088
1.1610
0.1971
0.9254
1.7235
0.4519
0.9632
-0.4094
-1.2770
-1.9728
-0.8278
-1.9966
-1.0974
-0.4358
1.7355
0.5835
0.2039
-0.2337
0.3263
-0.7923
0.7797
-0.2097
1.3061
1.0495
0.2117
2.0148
1.5876
0.7497
-2.5569
-0.3323
-0.8784
0.4648
-0.2847
0.2673
-0.4653
-1.0189
2.4420
-0.4903
0.3745
0.2672
-0.7578
-1.4899
0.1547
0.5002
-0.0536
0.9025
0.2844
-0.3110
-1.8333
0.8175
0.7424
-0.0398
-0.7993
-1.3409
-0.1942
-0.2765
1.0572
0.7682
2.6712
2.2604
2.3218
0.1263
1.5272
0.8851
1.9462
1.0673
-0.4489
0.4301
0.9614
0.5842
0.8364
-1.0755
0.1055
-1.0979
1.2779
0.8288
1.9662
-0.0639
0.9884
0.6883
1.0568
1.2891
2.1430
0.8338
1.2304
1.1365
1.6925
0.6285
-0.5676
0.0908
-1.0324
-1.6871
-1.2417
-0.9467
-0.9625
1.4515
-0.1177
-0.6368
-0.6997
-0.7844
-0.8537
-1.0282
0.3442
2.0395
1.0404
0.0810
-1.0616
-0.7962
-1.0320
-0.8560
-1.3560
-1.0089
1.1886
0.8861
1.6295
0.5900
-1.2160
-2.0846
-1.5320
-1.7506
0.7207
-0.2376
1.0246
-0.6257
-0.1112
1.0820
-0.0904
-0.7684
-0.0901
0.3927
-0.2384
-0.6368
-0.6212
-0.5776
-1.0711
-1.7659
-2.8345
-1.4861
-1.0205
0.6133
1.1099
1.3356
0.5579
1.5498
-0.3883
1.1868
-0.2069
-0.3349
-0.2622
-0.0729
-1.0302
-0.0967
-0.4967
-0.4795
-0.5280
0.7026
0.0886
2.4800
1.7422
1.7101
1.0967
0.1628
1.5668
0.2242
0.2439
-0.0664
-0.5240
-0.8795
0.8103
1.0377
1.7677
2.3564
0.8277
0.1871
-0.5785
0.1297
-0.7252
0.0566
-0.8452
-1.3906
-0.7418
0.1399
0.4016
0.8978
1.5804
0.4454
1.2960
0.3236
0.9253
0.4327
0.9715
3.2198
2.4477
1.6588
-0.1397
-1.7497
-1.6524
1.2810
1.6512
0.1827
-0.4254
-3.2503
-1.0880
0.8101
0.1672
1.2990
-0.0015
-0.1489
0.5957
-0.8816
1.0752
-0.3548
-1.2591
0.1340
0.4257
-0.4068
-1.1319
0.4246
-0.4534
1.2203
0.9472
-0.4467
-0.8127
-2.8152
0.0272
0.1019
1.3230
-0.0138
0.0978
-0.8722
-1.7977
-1.3400
-1.5628
0.3004
0.3647
3.1279
0.1555
1.2294
1.1217
2.1244
2.1012
1.5327
0.3743
0.1371
-0.9129
0.7373
-0.3569
-0.0679
0.8287
0.2853
-0.4264
-0.0093
-0.7051
-0.2714
-1.6159
0.6037
-0.4514
1.8157
-0.0349
-1.5059
-0.3122
0.7262
-0.6155
0.7307
0.6034
0.9554
-0.3687
-1.1655
-0.7030
-1.7977
-0.4944
-1.9914
-0.0485
-1.1282
1.1210
0.8440
-0.3206
0.0986
-0.4587
1.7569
0.2136
0.9828
-0.9491
-0.3717
-0.7483
0.1816
-0.0202
0.4119
2.0799
0.9662
2.1356
0.5472
2.2064
0.8190
0.4554
0.4089
1.4317
1.6167
1.7742
0.2016
-0.8826
-1.5358
-1.2483
-1.4899
-0.7401
-0.7577
1.2282
1.0803
0.5609
1.2295
0.4711
1.0118
1.0366
-0.6139
-2.1153
-1.7237
-1.0697
0.1400
0.5524
1.2181
0.1062
0.8753
-1.7316
-0.1685
-1.4009
-1.8201
0.0575
1.9845
2.1869
2.2201
1.9585
-1.1991
0.6829
-0.0036
-1.2413
-0.0282
2.1324
1.4216
-1.4954
-1.3570
-1.5763
-0.4465
0.4529
0.7708
2.4199
2.1088
0.2846
-0.6853
-0.7686
-1.2682
0.2992
-0.7438
-0.8166
-2.2535
-1.1570
1.0819
