-1.607543078
-1.05417529
-1.494118176
0.489841057
-0.109759948
0.825927635
-0.698599786
-0.501237337
0.48868131
0.453194769
-0.376306256
1.202479089
0.216812418
1.097156107
0.256278486
1.914754503
0.927031729
0.696940641
-0.258902608
0.811527712
-1.541215384
-1.945181738
-2.221799257
-0.486057358
-0.125212136
1.293886542
0.951891133
0.567484616
-0.449162471
0.403917033
-1.012159829
-0.216522836
-0.69444308
-0.752801494
-0.854601907
0.567083841
0.185458438
0.00267954
-1.30656985
0.082156357
-1.510381223
-1.877064477
-1.666848212
-1.186580841
0.534039778
-0.351555321
0.36037474
0.92457585
0.201153512
0.531686603
-0.049765244
-0.998676628
0.40784575
-1.06061026
0.404544768
-0.974882923
-0.996560411
0.117958848
1.319598368
2.394612235
0.375772325
1.293376195
0.826880001
-0.292724686
0.873008475
-1.376868363
0.514626021
-0.432231494
0.463046792
-0.42401826
1.240875123
0.410058572
-1.294713663
-1.589167666
-2.081089677
-1.845893238
-1.478497676
-0.109581624
0.871512172
-0.411119143
-0.562318246
-1.144664558
-0.026141162
-0.672035352
0.176776704
-0.692716605
-1.521459374
-1.131312499
0.530668249
1.494722608
1.945913758
0.707747573
1.272826197
1.910357544
0.002041548
0.99608758
1.008427506
1.144959727
-0.062717031
-0.494839874
-0.071278787
1.694714212
1.55432323
-0.238022916
1.00476617
0.676832782
-1.341178344
-0.335795459
-0.522876482
-0.210970171
-0.562119411
-1.298139455
-0.376848184
-1.520653347
-0.782760798
0.105566084
1.137929927
-0.287088761
-3.020360774
-0.722978613
-1.707304133
-2.109272707
1.125451822
0.568125189
0.128863085
0.863196891
1.977201907
0.157618396
-1.602619885
-0.437467747
0.345822665
-0.430246781
0.387852039
-1.752251601
0.596584895
0.496542126
-0.654746417
0.620789449
0.966576715
-0.614078868
-0.209742209
0.553141774
0.579557705
0.791971983
-0.372393527
-1.260838281
-0.583230231
1.199266204
0.771831161
-0.331901294
-0.947399598
-2.675066047
-0.736447777
-0.338148842
0.168774444
0.407092903
-1.519231969
-0.621759935
-0.297892643
0.551276651
1.486005959
1.453481757
0.777342824
-0.191989887
0.797644787
-0.196477474
-1.25547351
-0.409670972
-1.280126927
1.5529999
-1.404797341
-1.344438046
-0.962280123
0.155036657
0.542576988
-0.927252216
-1.008822712
0.298107445
-0.6371976
0.948757693
-0.857847222
-0.674749381
0.323936495
-0.039848727
-0.455387051
-1.617457762
-1.220235816
-1.252665837
-1.8630388
0.322849513
-0.875255927
-0.812466828
-0.234205938
0.691012349
-0.092267793
0.126758416
1.355716554
-1.269059379
-1.246638644
-2.545061224
-0.806484992
-0.34238485
-0.72594934
-1.192741257
0.424792137
-1.399464652
1.034949841
0.615010773
1.321964657
0.971143367
0.843909361
0.123324281
0.141652737
0.216133149
0.846130488
0.966560032
-0.704749378
1.231252261
0.525946467
1.378298473
0.175134499
0.530565291
-0.849087746
-0.816503901
-0.420645743
-0.362483052
-0.115617606
-1.014477693
-1.910575991
-0.736682566
-1.67696323
0.377385044
-1.288999092
-0.15584112
-0.715305769
-0.1103539
-0.264995363
-0.701299896
0.134810186
-0.038281329
-0.29845782
-1.437902764
0.146377652
-0.142817792
-0.469955571
0.109550527
0.166317089
0.777543223
2.195981106
1.485323636
0.284617108
-1.254532039
-0.737322174
0.703817678
2.374306337
2.907308777
1.650946016
3.046496949
1.539646225
1.559095547
0.289300816
0.613093189
-0.399610666
0.07413933
0.003440511
1.604060575
0.463901757
-1.122872001
-0.045704403
0.283454543
-0.113175616
-0.055753907
-1.830465624
0.208658752
-0.637991988
1.371238026
0.602363198
0.913524947
0.653401321
1.320464091
2.389958166
0.974812067
0.422340526
-0.073336046
0.461726883
-1.928922245
-0.078519829
0.814552129
1.094161904
0.754075645
1.354660088
0.38202832
-0.331170031
1.121115053
1.338406741
-0.551722356
0.878275823
-0.537764892
0.019149204
-1.66938092
-2.961044148
-3.706686083
-0.127421568
0.330668185
0.7744551
1.321877567
-0.604941804
0.002727081
0.029350535
0.189157192
-1.156045074
-1.294381253
-1.408221742
-0.893252433
0.041997354
0.525448935
0.412338547
0.457377744
-0.596755394
0.847933273
-0.45329864
-1.295678209
-0.033001328
0.30181805
-0.200295801
0.277154752
2.519138621
0.479106373
-0.416993887
-0.648205148
-0.973023765
2.729753849
1.141350187
0.803623806
0.74099434
2.146136771
-0.735999536
-0.243363931
-0.160434339
0.640690975
-0.779392364
-1.673596924
-1.433343858
-0.359274335
1.512704444
0.522544705
-0.767440117
0.156039582
1.370186049
0.715493765
0.300479872
-0.438615794
-1.544646278
0.405476534
-1.078140461
0.221701445
0.550403728
2.406887311
-0.419565497
0.190250237
-1.860343225
-0.482220484
0.389581932
0.817665335
1.356537709
0.869678086
0.953647063
0.703982213
-0.381137532
-1.331101598
-1.334583927
-0.70192082
-1.117128657
-1.51382777
0.017945094
-1.196814108
0.279280326
0.739052303
-0.724304931
-1.345772271
-0.685105237
-0.945943124
1.039560969
0.569122058
1.186909326
-0.84075196
-0.796219859
-1.789571579
0.154433528
-0.287309056
-0.822489667
-0.406070922
-0.811553559
-1.117364767
-0.54161655
-0.489409628
-0.774567931
-1.569539488
-1.370889055
-0.447096885
0.716036136
-1.203083206
-0.666948432
0.160742654
0.434464374
-0.536547719
0.49766509
0.188466236
-0.036860665
0.860583952
-0.3283169
-0.031704892
-0.497927343
0.381949229
0.120490816
-0.09163544
-0.30625635
-1.023471339
-2.011261713
-0.387263631
-0.318779163
-0.305083169
-0.639044076
-0.503593491
-0.056533659
-0.978753801
0.54048911
-1.664220763
-0.880927105
-1.890722479
0.418349876
-1.564338573
-0.649424507
-1.421360404
-2.214781745
-1.918914372
-0.027336911
-1.162358343
-1.089710313
-0.90307105
0.079209637
1.905063747
0.212794163
0.296139412
-0.995688897
-0.017035243
-1.677229464
-0.779707451
-0.688485655
-1.310435963
-1.172611032
1.092481357
-0.475500811
-0.75979341
-2.351965944
-0.559534439
1.110388875
1.783657808
1.332537639
-0.52473212
1.377311049
0.194353124
0.954653711
-1.358670689
-0.554552159
-1.413872337
-0.376250739
0.026081507
1.645586004
0.989766518
0.594800516
0.269442101
-2.050715361
-0.628415701
-1.711275285
0.979959818
-0.026085513
0.27236877
0.300952084
0.826057725
-0.654990155
-0.481035684
-1.584511352
-0.740871748
0.779714261
2.04198355
1.070681229
-2.405765799
-1.599025827
-1.86428124
-2.130882434
0.250176025
-0.748870806
0.971274421
-0.055979704
0.839492128
1.952216755
0.160057102
1.365528626
0.172319924
0.035523097
-0.221033239
-0.255072514
-1.253332411
-0.103439549
0.011529211
1.434272409
-0.761688361
-0.228160773
-1.890447342
0.45012971
1.29200578
1.95202441
1.207700521
-0.440929303
1.845165182
1.881839323
0.471252227
2.545320826
0.88907245
1.285252175
-0.665706093
0.310041994
0.020606462
1.211093326
-0.747431196
0.964410262
-0.020631539
-0.096814227
-2.074512329
-1.591062466
0.710016362
1.378319005
1.21754971
-0.406771355
-1.996886679
-1.577547719
-2.48015905
-0.486796284
-1.33661902
-0.244549774
-0.052929041
-0.174985047
-0.849278434
1.488120119
1.556949616
2.44240154
-0.032833847
0.71466965
1.14810397
1.657108163
0.345015317
1.175272295
0.284174709
0.097062655
1.309581987
0.824321706
0.705798434
0.405408492
-0.919179695
-0.61112748
-0.953069801
-0.742625638
-1.021443447
-1.255441101
0.762471909
-0.976541661
0.578222164
-1.01645232
1.523363594
-0.268791159
-0.169528819
-0.486797918
-0.249707268
-0.141097245
0.722364385
-0.978893888
-1.099675161
0.976924913
1.177030066
-0.755129585
0.436431073
-1.792421784
0.150739563
-2.004006307
-1.275436298
-0.882746183
-1.679414123
-1.821179187
-0.105604045
-2.065862374
0.619235971
0.365376269
1.641017547
1.310390108
0.296906302
0.591610354
1.391453324
1.02671666
1.229205402
-0.365060142
0.67018005
-0.135752584
0.981646179
0.598847233
-0.754520879
0.960893505
1.084065261
0.518274288
-0.58420346
0.179551854
0.811751312
1.223699611
3.391418598
0.589175327
0.317450629
-0.440881434
-0.388596215
-1.397571185
-0.484392219
-0.738878655
0.649023722
-0.206866335
-1.742543985
-2.610645662
-1.171933843
0.028259937
0.524690955
-0.76394151
0.027917099
-0.534981289
-0.322378741
0.543351211
0.57281051
0.397371898
1.273183972
1.522229626
-0.254156422
1.773287727
-0.99265643
0.806391195
-1.214212761
-1.402464013
-0.019102862
-0.179390878
0.430735512
0.18431724
0.540522887
3.017462335
0.263690607
1.984461735
1.519635798
1.157133781
-0.590668817
0.370275858
0.560868722
0.654319062
1.009450522
-1.15709081
0.175603991
-0.640426982
0.142760288
0.074373485
-0.532917791
0.687117127
0.50889235
0.982294555
-0.485482288
-0.935947204
-1.244837073
-0.574024237
-0.716696575
-0.274919103
-0.338993639
0.44696153
-0.568354697
-1.349616038
-0.418800533
-0.029016748
-0.128826371
-1.174835097
0.278811688
0.543532325
-0.318645812
-1.522839468
-1.264797173
0.036220786
-0.661133509
1.247048987
0.788920254
-0.794878942
0.808469126
1.723925319
1.094923774
1.76008256
0.719545693
0.002967897
1.164485607
0.685551549
0.289975072
-0.171114702
-0.643639041
-2.906245255
-2.724439397
-2.449895106
0.781649415
0.480156829
1.315753946
-0.969919663
0.574718253
-0.971526715
-0.708801761
-1.900680644
-0.981886682
-1.568592324
0.481346064
-0.029294889
0.710272441
-1.217164955
0.188637615
0.201764289
-0.323406671
0.238146133
-1.168720796
-0.806475286
-0.553133846
-1.570736235
1.701889119
0.063916764
1.266627077
-0.122886616
-0.041619071
0.164769879
-0.324916624
1.220991887
-0.579303113
-2.125531434
-3.489574806
-1.812883002
-0.055438243
0.572209628
1.225401742
1.469454668
0.608193901
1.825158533
-0.15757124
0.351971475
-1.440113608
-1.169738385
-2.201020913
-0.576232614
-0.728601976
0.549747675
0.641655433
0.884777699
-0.891086014
-2.069163575
-1.855482638
-2.629061973
0.752911814
-2.165915865
0.255882542
-0.228939368
-0.83208707
-1.384928659
-0.599522346
-1.437301988
-1.343849599
-0.684561573
-0.239199569
1.353194163
-0.442776473
0.514163698
-0.506315516
0.631569854
1.990387585
0.148414537
0.180935913
-0.893531903
-2.612110459
-1.409759973
0.771619463
-0.180696517
1.399599734
2.611105597
0.353245876
-0.143285411
0.149210668
1.415698646
0.192779612
-0.968584097
0.146940648
-0.094111574
0.594438423
0.144705376
0.445317481
1.636470179
2.135130133
1.528884825
1.493409224
0.496701615
-1.111558076
-2.311204282
-0.360536546
1.250896474
0.320300192
1.178114343
1.889821381
1.240937986
1.020098509
-0.564343075
0.371863502
-1.420607947
-0.421155146
0.332362297
1.161143193
1.727742927
-1.152980424
0.603157765
0.671138228
-0.891513089
-0.801065065
1.688575289
0.777404427
1.198511905
0.875225147
0.610082374
0.689951326
0.125248332
0.253094166
-0.426196689
0.371818668
-0.32319605
0.663648856
0.929305521
-0.368237677
0.911135332
3.123122066
0.567727463
0.785659919
0.704234399
-1.230665165
-0.551678392
-0.901161356
0.668881013
0.904465609
0.376743988
0.999107239
-0.325797075
0.503650547
0.963114932
-0.330761545
-1.082597971
-0.974927898
-1.089499276
0.429200126
0.382975532
1.227894674
1.248816916
-0.498959362
0.890359701
-0.340308134
-0.62346229
-0.800435246
1.263604753
2.539418688
2.702781229
0.801982111
-0.155240144
-0.460761955
0.036546268
-0.060609082
-0.569791844
0.292584006
0.81616558
0.350185366
-0.413768258
-0.552812513
0.397809055
-0.522910864
-0.095226413
2.436743036
0.695106393
0.586570242
-1.645664581
0.758484936
-1.593169622
0.267382756
-0.441894454
0.697668397
-0.219456034
1.344955691
0.778916408
1.373119655
1.000648069
2.605156008
-1.748942383
-1.021241395
-0.401251644
-0.095451166
2.113448333
0.657801618
-1.189334571
-1.475733211
-0.102961349
0.937806001
0.070296372
-0.32406941
0.051803072
-0.495059084
0.84231406
0.096731983
1.749927332
-0.149428448
0.734637247
0.039889123
-0.038709441
1.125471054
1.453272496
1.056065346
2.557794741
-0.118468358
1.108827271
-1.051806651
0.264721266
-1.940262715
-1.647126932
-0.091106264
1.051906317
3.046032833
2.846757045
1.140838939
0.928185905
0.101162105
1.47781874
0.476648724
1.893939652
1.638523506
2.206799784
1.315911472
0.772656533
0.339200158
-1.107373919
1.176214841
0.00077275
-0.532524065
0.36828071
-1.933365083
0.397201076
1.133392283
-0.839123381
1.894749045
-0.089253342
1.822265663
0.721479951
0.328969477
-0.252144296
-1.533922151
-1.032450676
-1.206200238
0.166795385
0.889469799
0.752661184
0.196465897
0.20985398
0.001111717
-1.499432646
-0.384361225
0.360047074
0.929688077
-0.033875699
-0.151855249
-1.528971935
1.724340921
-0.995935386
1.327670184
-1.676054771
-1.913666105
-0.908813911
-1.631280725
-0.264763794
0.865981358
0.884752742
0.905367395
-0.689643353
-1.225754561
-0.388857052
-1.308611426
-0.767384669
-2.554718808
-2.346734553
-0.391607806
0.173866228
-0.988574589
0.005825938
-2.4920605
-2.523678744
-0.680542388
-0.550096336
0.730912562
0.252446714
-0.45477095
0.351025265
-1.333559315
0.431221674
-0.821793495
0.823282488
0.181482172
1.501884059
0.506714117
2.01309006
-0.333261772
-1.761073049
-2.267470159
-1.825340056
-1.675971508
-0.111822262
-0.7178072
0.513240272
0.068825233
-0.819194549
-1.881430793
-0.72404135
-0.622406906
0.968670231
0.960821399
-0.602733633
-0.298136312
-0.942461017
1.15394026
-1.541622969
-1.278510352
-0.285410995
-2.282401605
-0.9372118
-0.053441574
0.549267907
-1.101437675
-1.579826047
-0.019780744
-0.277186756
0.528047469
-0.546149387
-0.355704889
0.035508132
1.644566928
0.138150605
1.002644689
0.175487653
0.455491921
-0.30878987
0.831814316
-0.127755025
0.121684036
0.449484124
0.40382789
1.129150051
0.952980641
-0.217948542
0.304204241
-2.111081126
0.639871408
1.463704577
2.805212774
2.336307695
0.271174853
0.14424538
-1.25238363
1.009298981
1.476719956
1.849921365
0.284467597
-2.834731909
-0.346224679
0.488715925
1.394579458
-0.259223731
1.144611888
-1.063400874
-1.257580644
-1.644790152
-0.142975398
-0.135567393
-0.057826802
1.231065203
0.566570039
0.411122424
-0.957390986
-1.005994017
0.338171669
-0.596897612
0.227803661
-0.950258206
1.832608728
0.218064036
-0.911509442
-0.865730848
-2.179650457
-0.352198908
-0.412560438
2.109056018
1.28644825
2.276448911
2.105257033
0.596850261
0.956647224
0.343180522
2.256919291
1.85881192
1.017809164
0.737820178
-0.197442424
-0.429459328
-2.395982714
-2.373609714
-2.182525753
0.447925796
1.821145575
-0.292749557
-0.015345284
0.562566411
3.131033187
1.883833321
1.929519075
-0.398146871
0.823357905
-0.721449648
-1.638222595
-2.230767506
-1.052609368
-2.148148048
-0.571454776
0.146085851
-0.202632039
0.06005752
0.597550321
-0.417816214
0.07003538
-1.031887093
-1.307275059
-0.610900525
-0.155258536
0.747232466
-0.254314097
0.506247679
-0.506783951
-0.799086262
-0.262149096
0.285185497
0.739841964
0.806752739
0.451236369
-0.158832433
-0.278800739
2.310333626
1.499125671
1.823456851
-0.111975714
0.402615379
-0.030354903
0.860958255
-0.556947738
0.512191224
-0.28335441
0.130727081
-0.553716573
-0.801967421
-0.763177915
-1.162855244
-0.696914725
-1.285201994
0.188261085
0.64777958
1.957693162
1.666555595
0.712201153
0.935216426
-0.260911998
0.474842026
0.514354168
-0.740523619
-0.922777918
-1.196220753
-0.898908972
-1.084204455
1.237782113
-0.637086295
-0.027709573
-1.183367067
-0.174560126
0.777725774
-0.806506905
-0.097138001
-1.004406189
0.899800976
1.530247098
0.582635639
0.719397272
0.09743827
1.722849552
0.722499325
1.5693286
1.711554285
-0.570137597
-1.878402869
1.190221687
0.559122063
1.967112878
0.543431611
0.95157337
1.431503942
0.135953966
-0.044073191
-0.379824529
-0.015246494
-0.235446959
1.011415295
0.39571644
0.29234227
-0.117020867
-0.697248118
-0.059102979
0.571445155
1.839830385
0.965911988
-0.849334949
0.853999328
0.869403178
-0.402857618
0.09129774
-0.783714432
-0.22019732
1.67204138
2.555051341
0.728899786
-1.331324641
0.614477005
-0.435395741
0.35904485
-0.356916613
-0.128389724
1.401256196
0.475789697
1.253026403
-1.099095452
-1.773631472
-3.145933737
-0.415463316
0.654597533
1.36662482
-0.471614723
0.09079917
-0.458457391
0.932148672
0.865545796
1.087158276
0.153871745
-3.056508695
-1.076922673
-1.568324336
0.186714952
-0.511563249
-1.267018711
-0.114830193
-1.24006948
0.404270424
-1.637465797
-0.974157827
-1.336474422
1.025194765
0.653783171
0.698054941
1.747292544
0.931585329
0.198883465
-1.938572767
0.223356344
-0.420338316
0.506170332
0.714973366
1.302254579
0.311984301
-0.514433099
-1.727483322
-1.227741533
-2.142522085
0.867110199
-1.222678287
-0.473210704
-1.349729038
0.582369234
-0.282290456
0.404924852
-0.698038868
-1.491732117
-0.874126993
-2.215865527
-1.299308077
-0.17460403
-0.163695818
-0.248830947
0.048689324
0.302861288
0.44487061
-0.997072845
0.196964365
0.159953839
2.418131503
0.342843634
1.530812282
-0.193873607
1.723628772
-0.216825191
-0.275342339
2.675538471
0.60081339
2.021108383
-0.579939135
0.267047816
0.480232196
0.895426103
-1.235799323
0.843225227
0.532806002
-0.556400762
-0.263292335
-1.306155938
-0.981738274
-0.215897795
-0.278653678
0.256233961
-0.19699851
0.615786819
1.11942513
2.675588941
0.604331934
0.343083594
0.180749242
0.98763805
-0.233026074
0.335609744
0.170444898
-0.723094446
0.910647541
-1.019463167
-1.510175972
-0.988698265
-0.169434105
1.60598724
-0.454582297
1.228400192
0.959383922
2.60041328
0.823310268
0.142289846
1.46665277
0.213094473
2.286324627
0.292367711
0.164841003
0.802320633
0.861133865
1.977079416
0.718437578
0.314343701
1.442127383
0.715053836
0.511218446
-0.958834028
-0.278275058
-0.704240273
-0.042030603
-0.372986575
0.900258047
0.865426034
0.294391252
0.342387886
0.98655612
-0.038601982
-1.442164771
-1.821479999
-1.152821708
-0.220101697
-0.052891198
1.853341959
0.263246139
0.49536641
-1.275029233
-0.856551342
0.138331854
0.391287839
1.685395913
0.787312263
1.261678172
0.862105819
0.984840216
-0.673417882
0.894182298
0.158021233
-0.052134511
1.035392599
0.354485415
-0.039681501
1.220563797
-0.784352479
-1.367534078
-1.421887795
-2.091174837
-0.459725654
0.999319828
-0.582014371
1.037200391
1.429528698
0.128359549
-0.429066405
0.546679213
1.424336979
1.106839926
0.695214595
-0.747251375
-0.644655782
0.082804514
1.079514818
-0.140734884
0.339258916
-1.047402876
-0.826885999
-1.284778363
-0.173335048
0.975539149
-1.704464002
-0.914516382
-0.740304661
-0.564747254
-0.134134669
-1.128827051
0.196715198
0.326887126
0.012323371
-0.770015407
-0.43755944
0.300740763
0.010872035
0.166409138
0.077723243
0.600779891
-0.191690374
0.651421074
0.35757686
1.504084427
1.427338449
0.454043078
0.5785238
-0.251543961
0.950209625
-0.210858279
1.091203479
-1.06839556
-0.930803741
-1.746347222
0.936389816
-0.266264741
0.45890301
-0.660899119
0.313627325
-0.223867181
-0.276420601
0.854801626
-0.105844899
-0.522653994
-2.532401218
-0.012633381
-0.668679696
1.339407696
-0.04940648
0.175164732
-1.719665957
-2.246438443
-3.332980037
-1.405694893
0.056398548
1.207643641
0.74180633
0.439572888
-0.198531669
-1.072313314
-0.910564947
0.096148145
1.042861306
1.46577257
1.49872106
2.825099687
0.264872348
-0.281928038
-2.624791316
-1.478675421
-1.689878044
-1.820178333
0.534879402
1.30262023
1.365490469
1.439646681
0.696628789
0.590823324
-0.251559435
-0.652860427
-1.481513537
-1.540294494
-2.37842692
-2.756199359
-1.67024388
-0.110078291
-0.220199544
-0.582232882
0.348747954
-0.251440832
0.460059909
-1.071901196
-1.512875982
0.811715825
0.327922887
1.43749042
1.697845738
0.895211293
0.665937723
0.128370812
-0.254242906
-0.886281641
0.260087769
0.546630607
-0.200715667
-1.506808443
-1.80756348
-2.112509522
-0.877225507
-0.140670139
-0.277267
0.000553986
1.148417153
1.367655047
-0.615923946
-0.469719318
-0.539083058
-0.467435102
-2.452660689
-2.846430308
-0.258370606
0.29693989
1.787343469
0.116571247
1.253943461
1.313694471
3.070563574
1.488769618
0.818194511
-0.787064379
1.084752274
0.879649803
0.04579099
0.263149499
-0.711855504
1.711549777
0.438759111
-0.2000958
0.525525568
-0.919264212
-0.395877969
-0.797486291
-1.827389
-0.02741267
-1.111669168
-0.447918651
-1.945202377
1.436921755
0.330555505
1.486759619
-1.069526219
0.831449719
-0.503117466
1.589699629
-0.947753678
-1.853099849
-0.49243085
-0.770723995
0.12530236
-2.277392871
0.175289453
0.281520075
-0.063347687
-1.023626975
-0.576060402
-0.161892372
-1.187908211
-1.27843099
0.227115228
0.03529858
1.670631436
0.154912155
-2.17399711
-1.026304321
-0.149009242
1.010894326
0.375234397
-0.856377498
-1.25756365
0.724897895
-0.84613757
0.067015717
0.397733642
-0.721052353
-1.256076827
-0.188526386
0.494191404
0.334177274
-0.544760526
0.240667283
0.545781941
0.74094753
0.092428246
-0.601008034
-0.179633538
-0.185768831
1.023731075
1.248281976
1.488452784
0.658163096
-0.468172838
-0.821080274
-0.336097019
-0.146252898
-0.131216654
0.557783995
-0.771442102
-1.018607113
-0.194813435
-1.368000252
0.337049821
-2.328639711
-0.693485427
-0.434124179
-0.457178306
1.201090921
0.380564707
1.043979607
0.62491846
0.310293139
-0.472135365
-2.083454767
-0.461932423
-1.173400725
1.553602308
1.212412301
1.000244462
0.493175126
0.205515253
-0.563070649
0.836886029
-0.391460516
2.888257403
1.455632619
0.37299853
-1.52586143
-0.123985104
-1.931676612
-0.774893553
-2.199804428
0.586170016
0.864257409
0.668980518
-0.21449552
0.151760065
-1.628175113
0.838081822
-0.86488593
0.967397419
0.4342446
-0.068135885
-1.030621363
0.184733657
-0.002400699
-0.030028142
-0.572099866
0.310302877
1.279015948
0.4144068
-0.136791995
-1.178881684
-0.059301237
0.786263556
1.322786954
-0.286906243
-0.784176688
0.653303265
1.365795867
0.237142723
0.7505196
0.901612766
-0.513862682
-0.957369786
-2.39156812
-2.696440428
-0.973938924
-0.706726061
-1.473062619
-0.316748281
2.077123361
-0.119998504
-0.500448866
-1.837066949
0.371059432
0.174038118
0.276776099
1.225936195
3.455274331
2.231129813
0.617683713
0.15821655
-0.275569113
-1.040419488
0.819617618
0.508728923
2.430156132
0.763351688
0.296766625
-2.224391211
-1.998166424
-0.380251246
-1.397317538
-1.4896042
-0.822353837
0.27477089
-0.310249092
1.729736666
-0.397079045
0.241078325
-0.498643768
-2.381843684
-1.27420901
-1.243650853
-1.469659001
-2.50646372
-1.836201418
-0.422392221
-0.805494999
1.535318766
-0.145729769
1.089289198
-0.016485469
0.482692905
0.488010111
-0.679587983
0.201634266
-1.44872271
1.777614087
1.476778491
2.451855421
0.035481395
-0.169430568
-0.122258527
0.86447755
0.09491777
-0.391209798
0.87310817
1.89903485
0.621619578
0.664571559
1.423641649
-0.843462018
-0.443905237
-1.689195726
0.032360125
0.901959602
0.540859418
1.825376351
-1.281814506
0.323166566
-1.280637811
-2.050691116
-1.221424886
-1.131823289
1.724125679
0.732964828
1.348777428
1.096478217
0.89846183
-0.415951296
-1.85387674
-1.230067338
-1.891684828
-0.490389108
-0.239451471
-0.307560744
1.388173716
0.628750684
-1.131150095
-0.603584181
-1.45134915
0.80099656
-1.168631997
0.300407493
-2.370234792
-0.555401276
-1.308216914
-1.488853824
-0.285145304
0.799999056
2.22230654
0.596988521
1.420786744
-0.191596399
0.694609624
-3.303725774
-1.571124454
-1.188670313
0.051577554
0.977929944
0.679440827
-0.038366858
-0.982240921
-1.404990987
0.10312491
-2.227445265
0.382484884
-0.419111251
-1.823252333
-1.966601637
-2.401733066
0.421687919
0.093205814
0.258749134
-0.47321642
0.663879112
1.074327656
1.461862832
0.306833433
0.416122164
0.548556759
0.785127027
-0.484970702
-1.172784783
-1.332644276
-1.291638197
-1.669457716
-0.893777727
-0.114058394
0.973984149
0.471237495
-0.801732424
-1.574283535
-0.109679891
-0.353755345
0.452001643
-0.198501527
-1.429810796
-0.507389639
0.357302273
-0.939945584
0.528572452
-0.951419233
-0.296381011
-0.547979563
-1.34017048
1.027274779
-0.892171995
0.541872648
1.952626283
2.081341847
0.026388027
-0.80589064
1.05417728
-0.707304052
0.189103835
0.949151533
0.378247214
0.434903098
-1.46437557
-0.470325962
-2.05785093
0.63420932
0.355596131
0.767141092
0.20644742
-1.719577941
-2.175121909
-0.683597258
1.530505897
0.696844273
1.016856194
1.312147375
-0.808686461
0.334664955
0.568361767
0.732286056
1.195254268
2.351398552
-0.233559386
1.431282285
-0.086281166
-0.585868915
-1.250588311
-2.839364037
-1.76641261
-0.995774276
-1.653907869
-0.304596894
-0.276413003
0.962810458
0.066041863
2.126440425
0.789432613
2.075164971
1.228553553
0.160543857
-1.123780725
-1.098701461
-1.962527538
0.981931281
0.87384098
1.67161745
-0.199153973
-0.233213276
0.171739235
2.427184658
0.022188267
2.159573618
2.49667706
4.482623681
2.374342871
0.673314393
1.45253367
1.33638937
2.177215103
0.387169649
0.446696434
-0.378842732
1.237976977
1.394092275
0.389949326
-0.160241686
-0.424039763
-0.44935416
0.214946356
-0.579534845
-1.032997392
-0.810933453
-0.019578966
0.238203583
0.882165013
1.127607707
1.567120013
0.58556958
1.495130243
0.380382739
0.95426802
-0.047743355
0.01835035
1.157652716
0.943895393
0.874921444
0.180395505
-0.378123996
0.293471485
-0.299986318
-0.167723186
-1.649022322
-0.88542323
0.988136465
2.328003551
1.01274249
-0.885303936
-1.453140869
-1.868347502
-1.630080992
0.261722782
0.860058203
0.568648108
0.124613794
-1.330325512
0.977686952
1.581397715
1.858415878
1.432485482
0.873893998
0.19520607
1.023853728
1.908651909
1.200323121
-1.139508187
-1.100065606
-1.021951004
-0.200187124
0.006441683
-0.009382542
-0.685472833
0.039748781
-0.031539104
0.088620873
-0.83637045
0.647700594
1.993831759
1.034252002
0.251011013
0.492861916
-0.148788922
0.008347521
-0.770702763
-0.451007778
0.343873825
-1.235278506
0.785527199
-0.750869803
-0.276739569
-1.152548405
0.410409449
0.260240801
0.27941998
-0.084937425
0.596160521
0.655991563
-0.558289065
0.812371626
-0.57194001
-0.890665593
-0.222096189
-1.300322848
-0.455477354
0.736771066
1.163419535
1.186603026
-0.756054186
-1.71560606
-2.68813598
-1.29337973
1.56828385
-1.014125862
-0.61591823
-1.358940319
-1.199069936
0.44704595
-0.955263296
-0.851700797
-2.416680012
-0.11181647
-1.421783701
-1.232188293
0.185716223
1.754311108
0.030630113
-0.068617558
-1.132099975
-0.414334273
-0.569235415
0.66097302
0.316923069
0.960620463
-0.164332105
-0.082106683
-1.122429962
0.725798625
2.599560585
0.608270011
0.000319711
-0.614711972
-0.639086315
-0.89324975
-1.08171763
-1.90925275
-1.145051447
-1.224734491
0.806859678
0.119144326
0.355276818
-0.278170704
-0.645898119
-0.657223324
1.797571677
-0.021359953
-0.380495885
-1.270747323
-1.929436737
-0.246830576
0.018170782
-1.620732289
0.669451606
-0.563386452
-0.700577225
0.110346123
-0.785796524
0.569535505
-0.602418933
-0.92793568
-1.758602318
-1.158496129
0.13421176
0.811445141
0.666903791
1.555289579
2.000474734
1.725911514
0.761739344
-0.678679412
0.178566311
0.767353805
1.802420635
0.187319226
-1.264898521
-0.309863673
0.583780492
-0.369338314
0.180506657
0.025156704
0.341375401
-0.846587135
0.34048649
-0.987554628
0.694998687
0.340129585
-0.983679232
-0.311822781
-1.122308398
-0.482051411
0.289712939
-0.228214817
-0.262609766
-0.854343364
0.457190188
-0.75488861
2.036868524
0.748767836
0.683965359
0.672250089
-0.038396321
0.094049486
-0.44675326
1.793005592
0.668286897
-1.48086945
0.462051532
0.124614186
1.119779681
0.004576423
0.054545421
0.614209375
-0.266456984
0.311799907
-0.475875952
-0.714071023
-0.810633375
2.192055396
1.144954124
1.874731438
1.834310609
1.165253376
-0.408610114
0.537444817
-2.004659392
-1.92316633
-1.270999891
0.337527603
1.364994544
0.951092587
2.325015307
0.884781648
-0.013291978
-1.162066069
-1.312865245
0.371699221
0.343313356
0.353188034
0.5870085
0.272323055
2.86455582
1.549703803
0.116700156
0.421265012
0.140353171
1.83386386
-0.37460437
-0.584411229
-1.647029699
-0.18151436
0.042571235
1.120813397
0.197225063
-0.344974349
1.758968893
0.491394663
1.740153241
-0.199933542
1.508907126
1.89446058
-0.679303342
-1.704192067
-2.769453537
-1.166933076
0.747393944
1.578335552
1.204850424
-0.761059324
-0.88416293
0.452769747
-0.086650608
0.359988545
0.928372543
1.502340259
2.46087929
2.106535702
0.675052715
2.165668254
0.850758301
0.679956025
0.237300097
0.343213383
0.973594866
1.501517504
0.207897706
0.961506039
-0.608141665
-0.300762642
-0.953143388
0.252464383
1.701167032
0.824945337
-0.458078821
-1.311573267
-1.257156974
0.418896296
1.565758455
1.765681987
0.972207707
1.005402136
0.890219855
1.095289014
-0.379187729
-0.888820949
-1.122782384
-1.239366846
0.069153951
0.243268178
0.945261047
-0.265622436
1.697438584
-1.150275373
-0.325012715
-1.053389289
0.061672304
1.373501443
1.217612202
1.328959193
-1.161663261
-0.71829591
-0.761654841
0.174477558
1.553225135
1.475464684
1.540710433
0.770398011
0.041953982
-0.605057114
0.001136261
1.567905577
-2.027011731
-1.370086203
-2.249733278
-0.609341336
1.022838528
0.675126802
1.115482815
0.165595956
-0.763931703
1.552562939
-0.74473225
-1.114963173
-1.684964226
-0.670247568
-1.027871573
-0.957171085
-0.984710731
0.126353324
-0.716970777
-0.422403769
-1.353466416
-0.578104277
0.828542885
0.066171182
0.339055202
0.961789659
1.463874703
2.454583517
0.624476661
-0.399583923
-0.520417797
1.34086765
1.499113101
1.240486914
0.078131815
-1.781692128
-0.446207705
-0.214990822
1.969683119
-0.559095391
0.412658981
1.396937026
2.893280027
0.354163092
-0.219730291
-2.656140664
0.19606886
-0.7385934
0.821231313
-0.293016674
0.922271485
-0.751490033
0.29499349
1.390688323
-0.257769677
0.314611398
-1.770065603
-0.94112253
-0.876842653
0.018728918
0.501188635
0.286497337
0.306252307
0.896269123
-0.144069071
-0.168039136
0.150624684
0.138018686
-1.432495714
-1.880221536
-2.863721161
-0.889050923
-0.527181709
-0.982087006
0.096130948
1.513409695
3.07175607
1.269679577
0.655597873
0.230132552
2.418131849
0.567170289
0.049639395
0.341909957
-0.873651535
-1.325036365
0.138137373
-0.792071933
1.19038608
0.847201148
2.052680452
2.3447314
0.055212465
-0.214809343
-0.786340234
-0.651384021
-0.92679497
0.20647342
0.986005642
1.366848392
1.293815292
0.042552243
-0.178190685
0.533931664
0.012535075
0.846721566
0.624159835
1.103066453
1.8658314
-0.678611947
-0.031770612
-1.318406584
-0.590761506
-0.586308549
-0.644480089
0.025794728
-0.955280542
0.343152699
-1.241454045
-1.262256167
0.727207524
-0.220269731
1.372861575
0.375527896
-1.012098009
-0.244792422
-1.865069091
0.083411285
-0.672293203
1.125661619
0.197906038
-1.020975052
0.378490053
-0.305122103
-0.745288593
-1.432662558
-0.586140865
1.500922305
0.846854457
0.727837557
0.454016901
-0.070146752
1.730995808
1.890935596
1.28449125
-0.080101298
0.253987137
-1.418507472
-1.663774606
-1.610562484
-0.863414144
0.623193475
0.231220905
0.80981156
0.151831353
0.812211705
0.870608233
1.136742254
0.040923104
0.557338618
-0.050475458
1.663995699
0.044123055
-0.13858777
-0.873623097
-1.343813734
-2.334589479
-1.158081103
-0.381530924
0.562960223
0.428202049
0.160382155
1.152088728
1.237971399
2.273780181
0.440942309
1.264289507
0.190067275
-0.869059639
-0.867601899
1.518499134
0.361942245
0.228567979
-0.820991793
0.276646223
0.032336683
-1.627825255
-1.390525548
-1.540005915
0.333772424
0.921044637
0.678283546
0.658646965
-1.518752073
-2.146775119
0.214244934
-0.050209204
1.37158134
1.159415756
2.030714302
2.705563244
1.394355877
1.042353729
1.068098927
-0.525176684
-1.386385546
-1.238340904
0.26974528
-2.27157702
-0.170459136
-1.713228247
-0.219205054
0.928375855
1.587285557
0.890114474
1.581882602
1.42370193
2.528180933
2.956535645
1.597174269
1.435879185
-0.377224947
-1.523168919
-1.640077884
-1.949454885
-1.613587665
-1.41455822
1.203344736
-0.540131607
-0.973978171
-0.02130476
1.463854676
0.686909516
-0.84845026
0.900965235
1.846260122
0.549328534
0.278548418
0.003894168
0.066478885
0.315592089
0.982833643
0.079848854
0.644237759
1.346469113
1.206314663
2.593176329
2.247150601
2.000387669
0.390911685
1.321437531
0.757731618
-0.183742817
-0.04822727
-1.16714805
-0.725241898
-2.088976695
-1.323609393
-2.583205372
-0.714417711
-0.050434918
-0.416378272
-0.9522937
-0.631442215
0.23825184
0.119210428
-0.828770976
-0.183305724
0.9189787
0.598904418
-0.784460275
-1.429362018
-0.451334075
-0.372162216
0.736734026
-1.229463491
-1.760153305
0.092037078
1.116659613
2.606457224
1.281447208
-1.57090078
-2.113533054
-0.526295256
0.039955554
-0.437468565
-1.298490951
0.674804394
-0.711222056
0.404546001
0.068558755
0.318067129
0.406071874
-0.552424489
1.395500789
1.823866595
1.908689526
-0.802032987
-2.472534565
-0.923261934
-0.492068123
1.270845424
0.389110037
-1.545304116
-1.175168106
-0.597172825
1.471680466
1.566584994
0.833675281
2.06749665
0.438568016
-1.057459529
-1.096994276
-1.163761178
0.111645009
-1.084479658
-1.279495672
-0.945754843
0.329853825
0.159459346
-0.742027908
-0.445236292
0.181601527
-0.13904456
-0.362725152
-1.926944774
-2.14624666
-1.642995638
-0.197426237
0.132952817
-0.756617808
-0.476235025
-0.098811863
-1.510134735
0.123102274
-0.175329365
-0.419452534
0.085629124
1.443864369
3.01221911
1.090693966
-0.536814801
-0.685586867
-0.417159039
-1.011661344
0.556851341
0.854620661
-2.092364054
-2.485006184
-2.066980585
-2.053264834
0.326328555
0.497959767
2.161121403
-0.026837002
0.685386591
0.008411752
2.012654281
0.649477174
0.747819111
-0.865822895
-0.578142978
-0.911538357
-1.149310757
-0.002457839
-1.831483677
-1.172358208
0.262083534
-0.141828358
0.060720909
0.897900885
0.183262435
1.699176753
-0.645827603
-0.489877762
-1.029872708
-1.980122866
-0.950710938
-1.827096728
-2.450199958
-2.726225757
-1.234547891
0.308623557
0.280467265
0.963392682
-0.569599515
-0.64116915
0.300211621
-0.999781511
-1.077557889
-1.671803562
1.019974356
-0.091662
-0.258443434
1.430003451
1.723174202
-0.184256067
-1.321899694
-0.32796007
-0.085624788
0.067223514
1.095534153
0.611811984
0.638280815
0.364438987
-0.167550991
2.024174029
0.058569052
-0.073374156
-0.113647154
0.996275325
0.610480557
0.16892544
0.787014904
0.125819456
-0.294245324
-1.008292457
-0.27007527
-0.487234661
0.693847758
-1.889362148
0.633345503
-0.114404807
-0.775921893
-0.626162709
-0.191957933
0.881597678
0.051197722
0.969437259
0.947027417
1.587575098
0.837014695
0.871532153
0.772322289
0.752250946
0.130039711
-0.769490253
-1.018752409
-1.606362332
-3.037322319
-0.198522688
1.292337526
2.617909825
1.76806167
1.988086339
1.726247397
2.863034245
1.240293905
2.016716808
1.675920663
0.867305647
-1.606160319
0.160659092
-0.624529165
-0.018349718
-1.185223184
-1.455422778
0.529903357
0.251197826
0.325436032
1.01373183
-1.986131373
-0.73704232
-0.479109574
0.817145818
0.096656858
-0.09976956
-1.409573342
-2.326834078
-0.673396541
-0.426846357
1.386661929
0.058988212
-0.940428736
-0.021346054
-0.60798007
-0.743987841
-1.481977407
-1.112956072
-1.08685447
-1.434607754
-1.123606343
-1.484826494
0.035644852
0.516260726
-0.795721794
-0.452725192
-0.07450419
-0.395468235
-0.861947076
0.577550437
1.478937496
0.483024334
-0.81638865
-0.287150272
-0.93449809
0.69634141
0.457022851
0.270446502
1.69263646
2.698583863
1.636454737
1.796916998
-0.584067606
-1.576544109
-1.08268231
1.668296797
2.260113783
1.324493412
0.088998195
0.462875921
-0.090326433
0.220062044
-1.380354945
-1.440441735
-1.675661548
-1.214735742
-0.111822995
-1.481608829
-0.941398284
-0.744429309
0.06420322
0.408510473
-0.762983417
-0.8902687
-2.918548071
-0.313089796
-0.047009442
0.139220342
-0.093844935
-0.164705591
-0.803746124
-0.911478975
-0.320859249
-0.705234603
-2.28420891
-1.051974809
-1.456791723
-0.976703248
-1.472380553
-1.086148976
-0.957016109
-0.602551696
1.328629066
-0.258924055
0.207445576
-1.372548586
-0.045620586
-0.017062963
0.061197086
0.476675142
0.023940718
-0.171804806
0.91669286
0.610446019
0.055978915
-0.590470891
0.341100576
-0.915641398
-0.996788707
-0.759207319
0.948286712
1.318641761
1.209186969
1.681075954
-0.035553459
-1.765828029
-1.444487368
-1.161197803
-0.182419481
0.837604081
-0.355662767
-1.457582729
-1.107522432
-2.395615648
-0.119397687
-1.176641574
1.017675747
0.370163816
1.690997129
-1.87874261
-0.789793795
-2.392155804
-1.558164853
-1.961479764
-1.84436428
-1.277399715
-1.30503552
0.979101786
0.892369474
1.096993435
0.157574912
0.203050141
1.019033655
2.036411281
-0.112946479
-1.740352926
-2.701631251
-0.420250846
1.281510396
0.429206109
0.640184184
1.904429085
0.526726762
-0.552870178
-0.415314583
-2.220977439
0.280877283
-0.47181267
0.555483287
-1.324150409
-0.757412696
-1.329528228
-0.325257161
0.06981939
-0.376620654
-0.327280096
-0.119789688
1.196267625
0.763263569
1.383739702
0.746474405
0.548452257
0.814394616
1.41388868
0.770843205
1.046340907
-1.466798993
0.176148536
-0.914689906
-0.314977693
-1.290212432
0.368941781
0.274706486
-0.163261812
-0.433880432
0.3898603
0.001318326
0.390070143
-0.657395892
-0.877933217
-2.074824474
-0.317252115
-0.770258355
0.632087537
-0.070899174
0.576176082
-0.125438947
0.963688493
1.850411803
0.436648338
-0.461313098
-0.651445832
-1.916212726
-0.253965465
0.499673522
-1.088929923
-0.586701921
-1.097045529
0.318119009
3.055988935
4.095239204
1.369816742
1.276446222
0.452101251
0.602868934
-0.494858409
-1.101083875
0.314776439
0.272962973
2.391024229
1.583576606
1.46856508
0.422556248
0.593920252
1.560201668
-1.011569568
-1.42757815
-1.289120652
0.001055577
-1.278012816
-0.797721809
2.041728066
0.217986669
1.86157562
-1.797722837
-0.676830346
-0.112909426
-0.395385762
0.220512412
-1.085337519
-0.77666045
-0.29995243
-0.66209259
2.106510312
0.425619085
0.223977122
-0.535941561
-2.385514761
-2.558266644
-1.483060806
0.102589759
-0.138793774
-0.348626591
-2.148694099
-2.049585649
-0.924580336
-0.714507134
-1.594370123
-1.64170592
-0.364190597
-0.067240573
1.467051645
0.123999102
0.491670843
2.03017055
0.014756952
0.031370928
1.713627989
1.34442562
2.470485686
1.587076883
0.495450285
0.448239596
0.189502543
-1.026984085
0.381871056
-0.407765101
-2.31750147
-0.52166917
-1.05724167
0.984517612
-0.398226094
-0.244002751
1.893940578
2.186235469
1.023805492
0.667606043
1.906500224
2.022546395
-0.509360075
-0.723789226
-0.340454712
-0.417135663
-0.48445404
-0.782711472
0.597299503
0.661392862
1.687910221
1.851365839
1.048570201
1.364432576
-0.338208615
1.572796728
2.220325067
0.049843513
-0.786723971
-0.095683091
-0.080652367
0.605851086
-1.174143574
0.183025976
-0.061392925
1.346315449
0.685761871
-0.274290139
-0.631202045
-1.135674956
0.062267801
1.574275296
-0.231424713
0.138879307
0.663453339
2.753034491
1.180547395
2.50205486
-0.711055918
0.45992207
0.657676342
0.622243929
1.179356138
0.041773145
1.561378425
1.306728204
2.09460644
0.974651786
1.338113663
0.317940325
1.075784799
-0.968235111
-0.824114815
-0.061094609
0.601915905
1.333590347
1.902628925
-0.395597955
1.617734098
-0.604424797
-0.809210017
-1.8855438
0.144964851
1.069986869
-0.008834648
-1.780134055
0.267332874
-0.708234331
1.123053155
0.252117021
-0.59881358
-0.410024309
-0.777168362
0.29841278
0.105099095
-0.818627076
-1.319614227
-1.192765903
-0.051230444
0.756982807
-2.651950122
-2.297937412
-3.085851477
-1.806113836
0.952463884
0.645463386
3.483714454
0.228586327
2.395188443
0.442645239
0.689897925
0.833605102
0.713486666
-0.713760867
-0.570912976
0.341319987
0.888081153
0.211721571
-0.04638798
-0.245416859
0.696086627
0.48622859
-0.805728802
-1.239802828
-1.733439879
-0.984728468
-1.653107125
0.085050227
0.196563379
-0.269898414
-0.652726795
0.267102799
0.987724097
1.115943789
0.386787982
-1.002646079
-2.873423851
-2.238994238
-1.065851765
0.862998282
0.197340707
0.759101781
-1.550814417
0.883746395
0.246224334
1.387398189
0.745374425
0.409454888
0.504506429
-0.243806569
-1.021960074
-0.598100064
-0.520994308
-0.493021584
-0.443989082
-0.840125275
-0.005501202
-1.023484381
-0.451034716
0.352111751
-1.123783654
-0.757898373
-0.327049643
-0.863938823
1.301411468
1.711300753
0.222904753
-0.821940489
-0.818495958
-0.776956129
0.161001121
1.942122348
0.424137772
-0.870975873
-1.472357548
-1.574459526
-1.637851618
-0.149171772
-0.79131927
0.604914024
0.210239866
-0.387975057
-0.814586741
0.504771885
-0.591323953
-0.670311175
-0.260309413
0.782103604
0.128393048
-0.869864043
-2.059030206
-0.356738687
0.102222996
-2.132676314
-0.993009247
-1.155469977
0.232282061
2.013329396
0.852299413
0.904949648
0.254113015
1.278385138
0.359415194
-0.916753708
0.202474996
-1.993142138
-1.687789525
-1.692240878
-0.615439044
0.298540177
-0.512802702
-0.656954118
-1.451530564
0.510401568
-0.089172508
-0.454877993
-1.295662532
0.588314266
0.208751696
-1.346168295
-0.983227894
0.11692074
1.839927839
2.224222369
2.330521573
-0.538774624
-1.369460488
-2.230392315
-0.262861674
0.00981637
-0.593682763
-0.96312493
-0.116861067
0.086381443
-0.453854199
-1.038381067
0.287204073
0.47049683
0.179987948
-0.799785811
0.009704997
-1.416062908
0.615828394
0.109456911
0.918049575
0.151682846
0.923159497
0.585246084
1.926358159
-0.05915925
0.78131477
0.131082938
-0.886882681
1.361040468
-0.406869927
-1.21755957
-0.236055524
-1.228760959
-0.153873255
0.202729921
2.189081865
-0.407190718
0.271817903
-0.60282416
-1.919173093
-0.262391456
-2.378249497
-0.92613328
-2.022992742
-1.858396837
-0.894732447
-0.415560555
-1.564572026
-0.799097759
0.192141212
0.899390911
1.508207554
1.312416956
0.323875688
0.741638165
0.046408866
-0.871580267
-0.260999225
-0.566341609
-0.255593486
-1.834842725
-1.77335805
-1.058924068
-0.231485823
-0.518177855
-0.799936159
-0.016389728
2.323527705
0.028240405
0.826688612
-0.557571384
-0.484198862
0.217351692
0.65439784
-0.898561713
-1.152582954
0.252979874
-1.989513853
0.206500792
1.106668426
0.955368453
0.017941439
-0.225501923
-0.256010398
1.865060197
1.876424689
0.461023853
-0.930872452
-0.520148024
-0.661310632
-2.199860524
-3.468695554
-2.505276029
-0.073720787
-0.785834464
-0.034221551
-2.096707461
-0.405791596
-0.334783777
-0.209995569
-1.16609175
-2.158661957
-1.293870906
-1.280785562
0.703976521
1.102366564
1.489637157
0.51638231
2.041808572
1.174646732
0.260081734
0.153612999
0.382726416
0.306595882
0.879910825
0.083620504
-1.220119979
-0.037858462
0.313436451
0.640807562
-0.623791229
0.48578133
-0.144323153
0.20566533
0.064329963
0.522059654
1.496987503
0.631342327
0.326838333
1.017190971
0.140056702
0.485309855
-0.230063406
1.532451236
-0.637492196
-1.744964372
-0.506367224
0.32960124
2.910865347
3.595996463
1.410657315
0.57801056
-0.355814385
0.214766557
0.630128044
-0.138478089
-0.276413626
-0.698685355
-1.183129865
-1.620980532
-2.412320576
-0.988978873
0.493353582
-1.645437507
-0.504394024
-2.690207252
-0.271873484
0.503073201
2.318333294
1.466939752
1.5459146
0.36023192
0.715410514
-0.789808938
-0.841993345
-0.025680347
0.637466221
-1.268702785
-0.718450415
-2.340421915
-0.18775662
0.265147981
0.865340299
-0.226352665
1.234656837
-0.024483488
0.752651195
-0.821515463
1.221583743
0.294654504
1.808340372
0.734159524
-0.621417267
-2.045663882
-1.750103274
0.450147175
0.950298337
-0.421614893
0.10511178
-0.353912443
1.591425365
1.230109151
0.903582586
1.091657022
0.279813416
1.007112579
1.581130739
0.094634566
0.473951153
-0.790988771
-0.357576947
0.607155767
0.189353153
0.913811764
2.62915428
-0.790187643
-1.707540103
-0.723523984
-0.012660828
-0.765461429
-0.107590985
-1.766597123
-0.603370668
0.644688194
0.433789048
0.529360635
-0.773892483
-0.406374961
0.476706503
-0.078853794
1.398377823
0.571423777
1.74504985
1.767053238
0.742718546
-0.503661783
1.398940252
1.392476436
1.844007639
-0.657040342
-0.172166331
-2.636992657
-1.397430914
-1.207592984
-0.895756685
-0.803676337
0.690030502
-1.613242879
-0.59227854
-2.95786403
0.251697627
-0.340152514
1.282887104
-1.227547812
1.766833306
-0.652526857
0.099321656
0.48372257
0.041810656
-0.74093965
-0.516026196
1.873735877
1.452045733
0.916939302
1.131534002
-0.763487813
0.624617475
-2.097063446
-1.126865056
-2.709520028
-1.789577004
-1.517161374
0.426024297
-0.185284383
0.833645731
-0.213702594
0.043044474
-1.076808116
-0.7890341
-1.059350341
-1.986828451
-0.928713053
-1.339232942
1.325473661
0.295731442
-0.215524169
1.839112826
0.621570219
-0.633945523
-1.675394351
-1.088576979
0.562170222
-0.976217167
-0.501263603
-0.706998781
-1.522781358
-0.331920621
0.279973118
1.022863975
0.957230803
0.561521555
0.604741754
-0.592111485
0.022207112
-0.998878531
-0.483205738
-1.079983783
-0.023034964
-1.208464968
-0.123439201
0.671731663
1.826957784
0.297165714
0.525982318
-0.115129562
-1.234543082
0.378327614
-0.300780531
-0.299107272
-1.305504381
0.985203335
0.411895462
0.694365323
-0.207696068
-0.492095984
1.12720899
1.646497168
-0.091829934
-1.134841505
-0.40520713
-0.653769508
-0.610302395
-0.945178737
0.374915115
0.524317648
-1.551548863
-0.2011973
0.265956925
-0.426978052
-0.952449558
-1.832501546
-1.973086553
-0.456414578
0.52775079
0.977466547
-0.351526571
-0.684397957
-0.172480283
-0.73531213
1.932900013
-1.279419098
-1.809520862
-2.186405636
0.846732694
0.879000814
-0.671854376
-0.616981585
0.325300484
0.169516924
0.523138715
0.005832204
-2.122352724
-0.981078018
-0.581266403
0.128077003
0.583772179
0.494042105
0.59502018
-0.164572861
0.441707776
0.697347935
0.770558591
-0.801094451
1.212121647
2.687060977
2.619302632
1.079562223
2.384961333
1.149367226
1.8863814
0.142014135
-1.129184894
-0.588052196
2.070895324
0.261885423
-0.637981575
-0.889458091
-1.454887317
0.318607637
0.144448456
0.234105144
-0.907733405
-2.788312615
0.055020834
0.008509198
-0.945423625
-0.417183719
1.015460176
2.218335348
2.174508573
2.106321231
1.323791494
-0.294201502
-1.858342812
-2.828481768
-2.911630834
-2.102549007
0.282131656
0.51823018
-0.156293186
0.282371209
-0.180965501
-1.516019054
-0.301873535
-0.140635088
0.02890172
1.260098247
-0.013412839
-0.671380686
-2.294456189
-0.969931212
-0.512649874
2.072519696
0.897637119
-1.0107888
-1.53892785
-1.96215206
-0.405234936
0.003677482
0.175806797
0.322236916
-0.903671489
0.300979891
0.324988438
1.119529048
1.366405315
1.992276451
1.206473805
1.097102056
1.558514616
-0.098601588
-0.141514352
-0.35894456
-0.441124157
1.097537573
-1.014531507
-1.025788464
-0.488568793
-1.139091957
1.73773088
0.407501709
1.412313405
-0.86238084
1.349062243
-0.610482216
0.577666637
0.089833913
-0.178002837
0.622822894
1.493871009
2.894650359
0.220417322
1.080474342
-0.13059886
0.674547314
0.165469837
-2.760499368
-1.97188152
1.837273517
2.210747399
1.945088163
0.999777376
1.191134247
-0.910384935
-0.282563979
2.093725489
2.13449547
0.25648365
-0.631958317
0.393501848
0.80209902
1.538151439
1.96798585
1.370194744
0.108056151
0.193202174
0.924243349
1.10459742
-0.958982469
-0.301215512
-0.140284824
-0.80719237
0.081250753
-1.735318955
1.006451854
-1.50233642
0.544758158
-1.124504534
-2.029103299
-2.164296051
-0.483176897
-0.984795933
-0.615694852
-0.22338167
0.612579839
0.154295254
-0.41835308
0.240580792
1.123578896
0.737995211
-0.1929356
0.842382994
-0.12307026
0.578642974
0.793004505
0.830727457
0.606512884
-2.825260563
0.480128629
0.051880533
-0.197933747
-0.004149055
0.510100245
0.049195807
-0.087044032
-0.205879013
0.354337746
1.162266842
1.570243074
1.812350698
-1.010848999
0.333113709
-0.903266756
-1.033994166
1.500438273
0.840662629
0.978623224
-0.070655617
0.342946403
1.296253314
0.650500678
0.727143184
-0.330760708
-0.143325659
0.194251
0.493463057
0.571172241
-0.108244322
0.188721758
-1.025696553
-0.56088526
0.098769685
1.494422192
-0.681590308
1.120451991
-0.462114478
1.013212064
0.403693839
2.738698255
1.798959539
1.803371353
-0.206777762
-2.017135544
-1.081815666
-2.046133634
-0.892498698
-1.347629766
-1.828248567
-1.604754152
-1.017661465
0.925540096
1.889103776
0.990039561
0.432088869
-0.528852042
0.405164739
0.84308198
1.38524426
-0.268323504
-0.177417915
-1.010464855
-0.912731631
0.817978951
0.28563083
0.511361446
0.744095803
0.681428657
0.864228616
0.464171558
-0.18505636
-1.791237954
-0.034953357
2.053506954
1.927620982
2.044447558
-1.079997527
-2.230187646
-2.404267425
-0.966755144
-1.320973591
-1.129241619
0.91261063
-0.75161955
0.373637693
-1.772980203
-2.512306212
-0.927593936
-1.338864303
-0.282124471
-0.550322818
-1.827737955
-1.078368609
-1.568582226
-0.271636732
0.093175368
-1.596099457
0.396087867
-0.829042227
-1.362389994
-1.253754663
-0.065048125
0.460806609
-0.404478294
0.514352807
0.74772767
-0.087213299
-0.713758831
-1.587752092
-1.025094166
-0.471809659
-0.427382036
-0.307613586
0.756747816
0.419137825
-1.238214139
-2.132027735
-2.679037721
-1.507192503
-0.577104755
-1.249554795
-1.510714594
-2.804805274
-0.077941648
0.173611078
0.136121302
0.19816822
0.615754332
-1.171854979
-0.779197239
-1.846119145
-0.949994374
-0.366640666
0.5015403
0.901488065
0.056362024
0.881481979
0.731647873
-0.339548114
-2.177987861
-1.130455761
-0.178965525
-0.211821551
0.1708697
-0.295209123
0.761432924
0.383834759
-1.090014654
-0.188780165
-0.673617835
-0.315737004
1.03895391
-0.182967619
1.661748809
0.491025691
0.7166534
0.918617993
0.216355911
0.249807042
-1.088435149
-0.586038463
-0.179514273
1.571985231
2.763766974
-0.515034424
0.887001709
-1.177358376
0.096161991
1.349971774
0.83160781
1.064362455
0.558345941
1.429082071
3.07528454
1.533588302
1.794958826
0.229729513
-1.535553621
-2.029809166
-2.052073893
-2.716673912
-2.251259664
-0.791457574
0.164361013
1.591823048
0.558403994
0.046714385
-1.174986591
-0.419224626
0.213652022
0.085564381
-1.57074487
-1.421094004
-1.476823915
0.55948168
-0.154071183
-0.220073103
-0.310088492
2.254789857
0.025285608
0.998513711
1.069587911
-0.346380905
1.703698853
1.260558841
0.976555529
-0.358697554
-0.671809974
-0.736536192
0.387879
1.073944845
-0.126313747
-0.023025349
-0.353547948
1.12160966
1.060260381
1.80791542
2.997285016
2.68343669
-0.385513002
-0.501611348
-2.055328845
0.567428149
0.07353669
-0.524955591
0.283292119
0.952114233
2.540601142
0.087743602
-0.674376755
0.652048751
0.483192252
1.348402703
1.267215341
0.154237962
2.098954516
0.235302849
1.117836022
0.443110485
1.413140442
1.199487906
-0.278269564
-0.046097724
-0.871980612
0.551029822
-1.034288784
-1.957726005
-1.591543632
0.626725686
-0.385794202
-0.923975753
-1.19079443
-1.114449313
0.370017669
1.655149363
2.22408541
0.472380503
0.446252932
1.617685194
2.653729067
1.715589997
1.383272253
-0.846988273
1.466773963
-1.565587635
-0.234103035
-0.437564035
1.018691386
0.233930358
0.373634558
-0.325663677
-1.321063183
0.728102001
-1.609284786
-1.495915508
-1.04405551
0.122199845
-0.871945104
0.208206961
-0.701970181
0.571448918
0.374341871
-0.246332749
-0.918757098
-2.071910478
-1.705421294
-0.705380245
-1.162318237
-0.284070691
0.545595966
-0.026353122
0.581148154
-1.961916088
-0.755030443
-2.581492171
0.09520331
0.793626621
1.7000318
1.104975967
1.752421144
0.617769537
-0.193105627
0.89273105
0.398049486
0.12968516
0.416071706
0.288061508
0.574396508
0.225343272
1.032504385
-0.302616152
-0.294982733
0.113607293
0.661636415
1.380052259
-0.486005992
1.735805149
-0.154080968
-0.92264328
-1.269721756
-0.601664953
-1.199235422
-1.438148467
0.731412494
0.842679888
1.630471154
0.456647584
-1.408535518
-0.022770398
-0.571914074
-0.769139674
-1.503127461
0.465376611
2.399201016
0.255613623
-0.540130291
-1.104537809
0.071393469
0.373806664
0.664224137
1.683599821
-0.682094579
1.160744399
-0.467998782
-1.350498582
0.373449287
0.619869093
-0.279940297
-1.197813975
1.563204333
0.537279829
1.336977497
-0.24386802
0.452451702
-0.89202892
-0.699936899
-1.013173435
1.017272618
-0.136059198
2.079168156
0.109637043
0.241984027
0.525979232
-0.56962698
-0.708638676
-0.682793153
-1.422335737
-0.212138214
-0.205047169
0.280750566
0.731937509
0.993574683
0.367519404
1.160724644
-0.457482555
-0.442557914
-1.820676305
-1.509832068
-2.471120661
-2.36815428
-1.801562221
0.144310142
-1.213958083
-0.265269619
-0.589717802
0.564626608
1.99049851
1.310209079
2.092472443
1.389722475
1.164683203
2.581176816
1.070383171
1.114396977
-0.738727671
-0.276098615
-0.060538872
0.29900369
2.364653664
1.513228351
1.111251318
0.252309622
0.977997445
0.454183221
-0.149889635
0.555574702
-0.007577996
0.283042865
-1.199648847
-0.344326232
1.757611657
1.718857531
0.775084797
0.402886572
-0.575377213
0.762492615
1.028102782
0.895831465
0.081059226
0.863085811
0.378500636
0.940915756
-0.488569378
-1.56565012
-0.932544301
-1.629203708
-0.351159713
-1.137453001
0.492045109
1.582926008
-0.035608929
0.027296656
0.022398622
1.799807124
1.554050484
1.741654617
-0.175027156
1.590147502
0.506087418
1.259524628
0.332006925
0.13595932
0.906366707
-0.783108352
0.731824073
1.005575614
2.19378223
1.137188895
1.114732872
-0.260622759
0.25276394
-1.419576988
-1.314296109
-0.955920647
-0.241327239
0.658278636
0.945952933
0.957362603
-0.945660749
0.951184821
-1.353737191
1.074693651
1.123390195
-0.490533695
-1.864064793
-2.391206134
-0.715201232
0.101805447
0.252486241
1.858890691
-1.032670198
0.03005813
-1.919171139
0.022021762
-0.126201959
0.905043972
0.109534047
0.525372267
1.037007666
0.674409829
0.550866074
0.124594845
-0.972295843
-1.541140695
-0.010855099
-0.402217628
-0.411849593
0.323752944
-0.040585007
-0.150997038
-0.058800292
1.43911473
1.502057894
1.39285153
1.672473568
1.484476628
1.935049112
1.827816826
1.725008736
0.773229128
1.542767041
1.434953904
0.065513037
2.607486215
-0.478040884
0.216788155
-1.153862276
-1.218203457
-1.890040537
-2.438648367
-0.726046008
1.496475341
0.441334234
-0.839384376
-1.78396451
-1.174094661
-1.89346371
-0.606261331
-2.837055613
-0.906455892
-1.713286741
-0.670636411
0.304382526
0.171832856
1.479508871
0.723886988
0.573618991
-0.233231707
-0.644139032
-0.379364863
0.606631141
1.830195524
0.670107654
-0.705083731
-0.942221915
-0.446638514
0.983602782
0.870912973
-0.15257028
0.030106033
0.531456228
1.432038689
0.176062603
0.826416888
0.025723183
0.589298515
1.38754496
1.318598236
1.267812511
1.777639155
0.012935278
1.809637378
1.435512066
0.704265657
1.55801599
0.316372806
-0.221417695
1.606040586
0.462254631
1.211824925
0.448824939
-0.706731964
0.899189446
-0.382074845
1.035520005
1.104582614
-0.760474576
-1.29488649
-1.480589149
-1.391459783
-1.150285897
-0.113862162
-1.073256147
-0.527191607
0.243939622
1.347101515
-1.477723097
-0.876708927
-1.283940777
-0.144047044
0.494325278
1.088610157
0.766366213
-0.091707269
-2.390683027
0.160364337
-1.634426937
0.518986778
0.563069356
0.577168
0.09955025
0.025544857
-1.177507243
-1.428576096
-0.138288094
0.484388544
-1.290804811
-0.269962851
-1.049860395
0.036155129
0.096479829
1.306223756
1.002867159
-0.684150693
-0.048431307
-0.7889467
0.418243375
-1.082950901
-2.368916041
0.327591345
1.095386231
3.008544342
1.281281775
-0.034950479
1.890667244
0.27350915
2.019254422
2.677417059
2.500829499
0.346442729
1.299538128
-0.150688304
-0.168226021
-0.982912527
1.653724919
1.94630599
1.48816522
1.538865386
0.451924292
-0.538563594
-0.685409743
-0.025918964
0.983474591
-1.607598484
1.0528478
0.244968938
0.71572493
-0.511744304
1.223091275
-1.501233615
-1.071821181
-1.768863414
-0.581471882
-2.296452192
-0.718290247
-2.230313596
-0.809059782
-1.747682328
0.157889113
0.194946868
-1.438474669
-1.253087049
-1.488586837
1.618235919
1.684749252
1.725831091
1.223554038
2.960741554
-0.032376704
0.334974768
1.71351402
0.741757226
0.466418898
0.382283994
1.312931098
0.1014607
-0.254868234
-0.046705938
0.275106539
0.068722736
0.572648328
0.897856163
0.58731356
1.336117799
-0.359005042
-0.395958647
-2.919739434
-0.841003653
-1.576800732
-0.96556228
-0.854939614
-1.034936337
0.334094754
0.31474278
-0.39439432
-1.62376008
-1.500709105
-1.937746761
0.782589012
-0.833142302
-0.217964339
-0.906296295
-1.225729868
-0.126743452
0.2685736
1.948464304
1.692558683
-0.052253844
-0.113644773
0.513934675
2.151314825
0.55994019
-0.194009676
0.672435382
-0.549039218
-1.070295164
-0.015342655
0.548627126
0.355560715
1.243724763
1.209022367
1.802885517
0.20871763
1.126210565
0.318686668
0.261556405
1.093676024
-0.565979356
0.121461701
-0.159031509
0.649166898
-1.121646375
-0.03260643
0.723493166
1.955362572
-0.577078241
-0.119401927
1.473041921
0.975435504
1.923534638
0.40737887
1.709820694
-0.068352331
-1.550941981
-3.095414127
-1.162098214
1.004976141
0.205017731
0.62313245
-1.676596729
-1.675604234
-0.769693549
0.684712142
-0.743404321
-0.984634996
-0.820165582
-0.794270987
-0.836340028
-1.040894783
-0.024268208
-0.79412136
0.421033015
1.083541719
2.43179158
0.858316093
0.385990567
1.656989387
0.206943145
1.491630911
1.200811192
2.036930558
-0.37098132
1.640192152
1.886303127
-0.604308094
0.719319318
0.254255178
2.238167349
-0.415848471
0.846371805
-0.734266005
0.543120753
-0.633772325
-0.594796927
-1.891375055
1.289220918
0.630834489
-0.841493148
-0.944953349
-0.05253714
-0.323059008
1.018813135
0.85330389
-0.460732916
-1.681272046
-2.183181453
-3.797120048
-2.459673569
0.250218968
0.728208114
0.746966668
-1.101267616
-0.968833253
0.040459841
1.123003326
0.451170865
1.120152742
1.205296288
0.69610193
1.056344625
-0.82056998
-1.407925988
1.43651529
-0.4714443
-0.954801407
-1.07913367
-1.156584895
-0.702620921
-0.781818147
-0.924058804
-0.391995679
0.068654155
-0.137939872
-1.027304958
-0.484972998
-1.366252555
1.072500924
0.154829808
1.487986482
-0.404430333
-0.313123132
-0.461507071
0.774502752
0.075531224
-0.364547325
-0.139671459
-0.215583846
-0.601833229
-0.993058668
0.075429847
0.186026645
-0.253461338
-1.389714729
-1.397783797
-1.550885036
-0.433852939
-0.684918016
-0.333476295
0.344793586
0.135456367
1.044909378
0.856625383
0.653576551
-0.008749854
-0.508526862
-0.592018847
-1.357225507
-1.286660154
1.210967149
1.768821785
2.116816469
2.836184305
0.983265965
0.661926371
1.228533751
-0.013491608
-0.449908903
1.33533388
0.411508888
-0.517950405
-0.751975775
-0.11783577
-0.38946098
-0.363232428
-0.107132247
-0.257654127
0.017013987
0.793740749
-0.042612927
1.538314919
0.344377088
-1.062293625
-2.570713673
0.319345211
1.426471924
1.405481812
1.13369257
0.242245932
-0.694573295
-1.101204416
-0.351586548
-0.982329893
-0.610495454
-1.982083738
-0.864722429
-0.101380975
-1.006518753
-0.414151473
-1.114555172
-0.776532923
-1.336836311
-0.927316327
-2.004551712
-0.769671371
-1.647079726
-0.409919997
0.716119581
1.485351381
3.888964718
1.805437264
0.655469109
0.084201011
-1.349789415
-0.91761397
-0.586036524
-0.474583324
0.92623037
0.846309298
-0.538697987
0.734311759
0.637244337
1.469519919
2.842794926
1.102151441
1.320397243
1.044815369
1.939208664
-0.401118607
1.170778935
1.406022141
2.055443561
2.838456945
1.953583079
-0.783004982
-1.837970797
-0.543312682
-1.064540318
-0.85924005
-1.885039459
-0.28677843
-2.558168972
-0.857848545
-0.387652089
-1.724753524
0.695139669
-0.430828856
-0.065815647
2.013325892
0.643320842
0.102758188
0.128460001
0.150422342
-0.356149208
0.892473599
-0.665040362
-0.603439506
-0.101898169
-0.671702502
0.83226554
0.965760611
1.443245495
2.088620472
2.726983238
2.513939543
1.579985378
0.426418712
-0.014138342
0.199779941
1.266855738
0.025727451
2.284738198
0.148309771
0.735519972
-0.006418019
0.309886073
0.780521824
1.269645563
-0.087867956
-1.29070731
-0.269683079
0.925846242
1.108121522
0.904428187
0.142838394
-0.262509333
1.002263935
0.208948632
-0.394878738
-0.557243443
-1.143678063
-0.132358264
1.681636415
1.434481774
-0.192597514
-0.064365203
-1.122211289
-1.895661851
-0.220859183
-1.600332565
-0.417812235
-0.706060253
2.030209764
-0.347785473
0.031542655
0.174256522
0.753352114
0.342064289
-0.355435905
0.830677916
-0.276187026
2.837243073
0.229854278
1.749211448
1.207165208
2.081710589
1.506730008
0.80536569
0.482472354
-1.313353391
-0.855814277
-0.452457578
1.571915659
-0.388528225
0.340175904
0.16954492
1.221983739
1.871671365
1.219864703
0.773362642
0.63506421
2.05917576
1.247973393
1.55505866
-0.202733388
-0.400315544
-0.15789533
-0.351823618
-1.185456587
1.023607837
0.78174165
2.657850326
-1.165118989
-0.901386138
-0.691769722
0.747197388
1.831708214
1.260127424
-0.007439441
1.520812659
0.050568204
-1.372308488
-0.299481883
0.837047544
0.810535631
0.656302544
1.085366536
0.297977574
-0.415172695
-0.510697689
1.051232752
1.539875051
0.771660208
0.864796366
0.169614007
-0.809537347
-1.092325964
-0.999839467
-0.047581582
1.192503016
-0.654924527
-0.182855095
0.029168121
1.412341624
0.269475356
0.03650766
-0.426056909
1.8611811
-0.09606379
0.084899537
1.128234961
1.283960992
0.308033305
1.381979984
-0.094631233
0.141189243
0.481080623
-1.157056651
-0.88793651
-2.114912538
0.137597308
0.130923453
-0.081320919
-0.678280723
-0.484402674
-1.967908118
-0.562471761
0.81391979
0.177234847
1.09961331
0.310265901
-1.785546963
-0.83938932
-0.365905237
1.691569298
-0.124979604
0.322167999
0.196826298
-1.136148957
0.124539668
1.62312616
1.689627791
0.119796727
-0.363644394
-0.564907105
0.398870113
-1.039570718
-1.244699223
-2.14258626
-1.517298312
-2.487962139
-0.645252253
-0.177519616
1.028265181
-0.276400439
-1.430199515
-3.368647983
-3.300428761
-1.109320276
0.273666586
0.548438823
-0.086991434
-0.835814455
-0.403572944
-1.309789648
-0.602638063
-0.857871348
-0.299283825
-0.863248371
-0.84190825
1.771091617
-0.523370379
2.546852598
0.885847741
0.395825706
-0.848256173
0.308895783
0.481042167
1.524780424
0.781370553
-1.216227316
-2.835416852
-0.876884921
-0.818713334
-1.414518832
-1.576378202
-0.295562107
0.635183704
0.646043555
-0.254360008
-1.228686135
0.23250612
0.209985941
-1.414262759
-1.042448773
-1.927300274
0.752785698
-2.015945314
-0.971750623
-0.366820329
0.009263081
-1.182260871
1.308785543
0.071512678
2.027456803
-0.225100476
0.10887267
-1.145304092
-1.482991565
-0.475271805
-0.616964737
1.650986371
1.445112628
-0.082457009
-0.821265767
-0.327892319
-1.208359373
0.437801398
1.121218728
2.462493307
1.58285883
0.264296675
-0.041497672
-1.653908471
0.019987536
0.6763007
0.336251562
-1.001412773
-0.696850869
-0.389259835
0.858022916
1.023481886
2.479757387
1.588865213
1.518827911
-0.6916136
0.643767838
0.504052971
2.160477619
1.004172766
0.647841849
0.836063156
-0.81664718
0.125117328
-0.199122154
1.233557824
-0.288781504
0.637215866
-1.487118427
0.600611196
-0.873091664
0.397767181
-0.201434103
-0.904030966
-0.15293774
-0.057331751
0.25434029
0.507176293
0.936908637
1.112443169
2.35963589
2.213469027
2.960582596
-0.335912762
0.479120599
1.170721912
-1.35929254
-0.804236208
-0.367139973
0.407481056
1.30976141
-1.702304522
-0.350086546
0.838405203
0.855530727
-1.152137961
-1.301707732
-1.034154845
-1.816648243
-1.216518591
-0.562187843
-0.909750699
-2.155652088
-2.757888558
-1.151658336
-1.89308036
-0.415959563
0.019352141
-0.055896409
0.654907155
0.357352248
-0.630988926
-0.003274683
-1.307850351
-1.406545055
-1.968320358
-1.315965881
-0.139113128
0.42436249
0.791463354
0.458008207
1.211180939
-0.13986967
-1.651323845
-2.001370298
-0.249180704
0.930703119
-0.294010554
0.160395065
-1.203354486
-0.50473051
-0.033475085
-0.701223252
0.90676405
1.027597104
-0.221940476
0.229622008
0.547592259
0.576834901
-1.8736502
-1.598169761
-1.927803739
-2.090626424
-0.495529836
-0.742031269
-0.520209032
-1.298533444
-1.261740284
