0.374017809
0.15530946
-0.755441711
0.076215995
-1.70296784
-1.762258972
-0.233200349
-1.617642449
-0.461385559
-0.802023139
-0.810721264
-1.089866417
-0.928697387
-1.256741636
-1.587643868
0.246186699
0.281996779
-1.634806338
-0.526147505
-0.30499611
1.778488746
-0.130744802
-2.419513961
-0.723863316
-0.479368638
1.41914537
0.298536677
0.210014707
0.444368267
0.172514835
0.834969615
1.643370822
0.971956662
0.019502217
-0.906511079
-0.029901016
-0.856213153
-1.787257834
-0.951960247
-1.822405607
1.187953447
0.91890372
-0.090870281
0.630663803
0.838589307
-0.932916555
0.301922765
0.346245956
0.280788649
0.142647235
-2.672426794
-0.888667171
1.128733981
-1.350850943
-1.100688858
1.175065874
0.621900278
-1.041038498
-0.140741309
-0.135117226
-0.554526372
-0.114025061
-0.160074943
-1.055556614
-1.471658868
0.61074738
2.230993114
2.703727433
0.712468207
1.432900499
-0.112896564
-0.36837552
-0.488045503
-0.406642756
-0.146422808
-0.644810802
-1.067741234
0.168789313
0.793828633
-0.827430244
-0.389259234
0.575022751
-0.991011834
-0.666366211
-1.043502687
-0.694947214
-0.483728961
-0.599000533
1.355647867
2.110757739
0.004302924
-0.973016279
-1.091678718
1.642223203
0.837318731
0.593104505
-0.436649434
-0.742074457
-0.829178548
0.428988975
-0.414186196
0.403496818
0.279283749
0.809150651
-0.662803795
0.455322547
0.15277927
-0.784627524
0.605834583
-1.944249186
-1.102609007
-1.3889473
2.231249031
1.334468856
-1.36814019
-0.097962547
0.502291092
0.287043405
0.826132958
0.786379097
-0.475798493
-1.075886744
0.932450866
-0.977365089
0.708265035
1.376865485
-0.270873295
-1.493178448
-0.674943738
-0.331202186
-0.299280997
0.407607948
-0.381926741
0.24935883
1.208452819
-0.213197317
-0.597517956
-1.53239
-1.884843567
0.683808049
0.637306673
3.019655565
2.415113143
2.420613658
2.113543185
1.997557718
1.010215223
0.236606454
-0.183590671
1.029819199
0.452181378
1.042220828
0.513458293
-0.115177427
0.763756151
-1.649937768
-2.275466465
-1.040469798
-0.55687355
0.009964142
0.072524323
1.480333808
0.756251109
-0.724084155
0.675094889
-0.471235302
0.427914026
1.959916064
0.524784935
-0.700992747
0.500413954
0.798105923
-0.232468252
-0.12031897
-0.876186938
-0.262418105
-0.747975635
0.591255941
0.333902513
-0.513887701
0.226337789
0.364176302
0.839627734
-0.300539976
0.878227581
0.048274147
0.075957892
1.113620279
0.917623181
-0.235373983
0.817444612
1.587174665
1.302800697
-0.292432412
-1.056196233
0.147899688
0.251701535
-0.62469176
-0.237200443
-0.174386948
0.884351204
1.161504407
0.631582673
0.805383528
-0.837417941
0.509274413
0.5024402
-0.20246926
-0.91844263
-1.476260777
0.814378622
1.085052158
-0.231567073
0.290896301
-0.757851176
-2.050935608
-2.140250451
-0.622343042
-0.300215245
0.536963135
-1.406575564
-0.93002897
0.927502974
1.088450824
0.173906596
1.061477212
0.375926128
-0.079480021
0.938095379
0.540893745
-0.016197947
0.399972826
-1.277528222
0.133299116
-1.367433179
1.103310951
0.094637084
-0.004988549
0.706808415
-0.132162714
1.480429989
1.889234218
0.479365188
-0.412169388
-0.127422889
-0.406946327
-1.464544156
-1.201031513
0.862506829
1.8122951
-0.599058353
-1.230048207
-2.094787456
0.141491227
0.560921271
0.378420209
-0.88124847
0.458989706
0.748521519
-0.280024039
0.290930809
-0.090856807
-0.344025808
1.316962543
0.538627975
0.281237442
0.408632007
0.546924955
0.531369965
-1.131696669
0.570502285
-0.920594479
-1.148414524
1.019783812
0.15801628
0.262537765
-0.51011267
0.885182474
0.048169767
-0.637292522
0.380951281
1.33716035
-0.642285167
-1.160090023
-2.359512115
-2.597072291
-0.262154696
0.202420729
0.592127274
0.6703996
0.726729312
-0.917134045
-0.200311053
0.751066429
1.210248279
-0.881516589
-0.089220781
-1.009344583
0.084650261
-0.468560803
-0.808166882
0.27979317
-0.66005467
-1.743157653
-1.30599024
1.949392423
0.21606001
-0.562814342
0.108639578
-0.347683573
-1.268188232
1.071744651
0.882952923
-1.905275818
-1.125733389
0.523743679
0.429782686
-1.183284468
-0.716273791
0.748983811
-0.299714287
0.344773935
0.528779217
0.023089932
-0.736807967
-2.735408567
-1.266231514
-1.53969043
0.486327283
1.116479519
0.29678932
0.646514593
1.97922721
0.29585995
1.390506001
-0.665464317
-1.458375497
-0.951024478
-0.089227945
-0.547113838
0.473198336
-0.082273304
0.276490654
2.470881232
1.6568532
1.837993236
0.885520149
-0.270660622
-0.846116302
-0.577962674
1.243458369
0.251906908
-1.326677687
0.065961359
-1.141898019
-0.728265816
-0.777665503
-0.188234823
1.015828928
-0.912617739
0.225734244
1.15537318
0.450507053
0.921827543
-2.225892581
-0.893776926
-0.074782386
0.704017638
0.248310055
0.797227836
0.543848336
0.708785393
1.116580581
1.546129314
1.907193138
0.446748385
0.600686026
0.882335025
-1.027156158
-0.996044887
-0.155510654
-0.602126874
-1.624808025
-1.728994173
0.215518444
2.207364547
0.88474796
0.369284796
-0.458622983
-1.243955066
-1.428604128
-1.829737688
-0.947750286
-0.59928713
0.809014564
1.283638602
-0.274913577
1.347972078
1.229546078
0.464345656
0.63551627
-0.327901201
2.885808205
1.618075772
-0.899552328
0.925922318
-0.059565991
-0.692437167
1.252177684
0.339107395
-0.39574774
1.07323483
-1.167530448
-0.987569068
-0.086145917
1.482643254
0.336023111
-0.339469715
-0.234721658
0.40619072
-0.139599834
-0.343447703
-1.805795697
-0.07969314
-1.064652916
-1.638153198
-1.697170002
-2.188159334
0.04456423
1.577173712
0.880997433
-1.91922668
-0.194587153
-0.538613955
-1.310478509
0.441003926
0.315474092
-2.171780168
-2.392763295
-0.702551388
-1.812679995
0.101117643
0.81400902
-1.968467161
-0.990875419
0.062209465
1.579844979
0.69417106
0.041063488
-0.705367697
0.358931326
-0.076484428
-0.718313932
-0.807546435
-0.658743415
0.053497983
-0.652762226
0.813377571
-0.579091312
-1.063301096
-1.899586185
0.995517904
0.656455385
0.460840899
-0.762412778
-1.121478116
-1.074615732
-0.229179968
-0.852453903
-0.447705515
-0.640675269
-1.582017116
-0.808666981
0.207783922
0.78210276
1.60663311
0.541148094
1.196828054
1.791363459
1.518931519
-0.885945433
0.184512977
-0.638895371
-2.325167861
-0.161141819
-1.591410152
-2.43021188
-1.307440947
-1.180088012
-0.729796767
-2.286541497
-0.227993333
2.24809799
2.262854448
0.291122081
-0.411226091
1.266927063
0.981384055
2.640514573
0.030130184
-0.764587236
0.056470939
1.287741863
1.719624049
1.775470511
3.220733185
1.9448493
1.196779148
1.055563509
2.391365559
0.271914087
0.70103312
-0.634573693
1.863594083
1.236550458
-1.404858095
-3.784581385
-1.846122552
-1.005092226
-0.483824766
-1.696388216
-0.922887957
0.855738623
0.497984205
-0.37727922
0.100659927
0.723720305
0.410610967
0.053171693
1.339722379
1.151709011
-0.204163931
-0.347285776
1.046548552
0.498532878
2.230074228
1.879159616
-0.260897382
-1.175677775
-1.552776157
-0.164516336
-0.539149696
-0.129668937
1.377709775
0.509758211
2.461266595
1.58343307
0.044369852
1.265302127
-0.185917455
0.01765641
1.285797599
0.36176775
-0.025298602
0.337208263
1.211778026
3.129661436
1.506946809
0.889717415
0.160457794
-1.990142345
-1.328966348
-2.296498871
-1.280698889
0.241309608
0.15172813
-0.075051626
-1.930130915
-2.147459275
-0.061728555
-0.150250785
2.35625657
1.378129504
-0.874154646
-0.110788852
0.913269205
0.725190676
0.851360908
0.042622565
-1.139642429
-0.186708151
1.555048756
1.735145973
1.260958491
0.30424408
0.041001252
0.458998346
1.396997513
-0.696797443
-1.69234636
0.006804818
0.97507706
0.100241283
-0.814311313
-2.119544671
-1.973293458
0.68486901
-0.587469116
-0.879143266
0.523360236
0.18862086
0.072258659
1.100737267
1.529813367
0.374821509
-0.645052549
0.677462083
0.081021929
-2.061343515
-0.416776095
-0.161219835
-0.115705811
-0.99842648
0.914317024
0.479984299
1.906061234
1.116742985
1.582704576
-0.224832318
-0.34322083
-0.680997016
-0.972795939
-1.503374432
-0.714065005
-2.195557191
-2.036893564
-1.296521354
0.33535436
-1.151605677
-2.420163217
0.649204606
-0.607968604
-1.190964076
-0.35625933
0.602385135
0.769904533
1.757754317
1.037351559
1.588570858
0.710717959
0.904601486
1.329561912
1.188355013
-0.724265552
1.197294404
1.42903363
0.825563701
-0.483643714
-0.036472668
-0.093986711
0.221853259
-0.465965948
1.045414009
2.367759252
-0.382806668
-1.034510312
1.116006252
0.135628982
0.311123256
0.769987034
-1.094009041
0.35292326
-0.861938335
-1.334424714
1.194416813
-0.081861837
-0.917611725
-1.049581075
0.002547014
0.438374663
0.252816722
-0.227596542
-0.599011623
-0.697997846
-1.277585906
-0.632736539
-0.894122106
-0.357639249
-2.007986723
0.18620348
2.751206742
0.526861985
0.8252014
0.266824488
-0.584026616
-0.897227231
-0.415340504
0.48314469
-0.211708449
-1.36656648
0.271902297
1.402684877
0.731703949
-0.76789549
-0.580749844
-2.465084504
-0.295595298
0.830486603
1.026902916
-0.747479908
-1.024004759
-1.076613171
0.146868696
2.482329723
0.36524478
-1.484831012
-0.629485765
0.203612342
0.857272589
1.509051162
0.763736544
0.748532669
0.243047076
-0.478821167
-0.968699315
-0.172378716
-0.944947386
-0.848272499
-0.928387325
-0.837208232
0.752388453
1.53596991
-0.361045402
-2.190777809
-2.344965636
1.014161861
-0.73344147
-2.243979189
-0.663575198
0.582471147
0.220501919
-0.002365367
-1.714065
-1.160229873
-1.6937064
-0.737524617
0.717431789
1.040921052
0.198653601
-0.165109236
1.119436181
-0.003111517
-1.383862518
0.735098841
-1.852367922
-0.292461043
0.30353198
-2.934832966
-1.526075065
1.077696927
1.750612403
-0.17776456
-1.688235294
-0.41730957
-1.496578276
0.902147541
-0.632020589
0.67799225
0.332033526
1.564130188
0.17486084
-1.459746961
0.118726954
-0.260005347
1.675121109
-0.111592993
-2.44789612
-1.713914304
0.764071038
0.616159295
-1.79042715
1.180261491
1.708338844
1.210318891
-0.516706761
-0.416865678
-0.014989351
-0.769116543
-1.9313251
0.612181757
0.126997434
0.05141108
0.515931084
1.554937819
0.87746351
-0.211878535
0.209565426
1.03648909
1.302422426
-0.48297255
-0.636940129
-0.807345106
-0.280501115
1.073915518
-1.973852825
-1.245847317
0.463744689
1.15241586
-0.043327645
-0.723645221
1.694811473
1.137069775
0.668353447
0.115210085
-0.249050194
-0.064928495
0.802264975
1.799107866
0.418650787
0.574210872
-1.27564203
-0.095508101
-0.142397427
0.322238088
0.703408297
1.414187223
1.489761595
-0.642250652
0.084525363
-0.16631315
-0.960089068
0.632481869
0.568985757
-1.040680071
-1.197425563
-1.813493967
-1.385071503
0.351170242
0.85647618
-0.092209294
0.889879059
-1.158650432
-1.490454861
1.250363003
0.26384078
0.660207978
0.776460316
-0.82382924
0.458139711
0.149538678
-1.243288492
-1.161440169
0.043754827
2.68850923
3.099796796
1.078868393
-0.056631118
0.120280964
0.553859332
0.55154092
2.018071907
1.231451359
1.181032027
0.913342614
1.446117035
0.623167307
0.643628818
-0.020031512
0.341705021
-0.162964793
1.060383901
-0.74256435
0.401065209
1.088033802
0.197620577
1.799470398
1.479528651
0.666273206
0.62313249
0.304653035
0.634415236
-0.741571504
-0.193152557
-0.6780966
-0.441952677
1.227041151
-0.744672327
-0.351143152
-0.39544991
0.857093305
1.553761456
0.485877504
0.821533425
-2.099489218
-1.837162561
-0.38938339
0.523660606
-0.221049287
-0.968908921
1.177508864
0.760605013
1.859953199
0.270456457
0.850620581
0.157767714
0.187100834
-0.785621162
0.219868405
-0.887510548
-0.841082649
0.508432309
1.444713022
-0.599339296
-0.617810347
0.540645587
0.715171307
0.511093888
1.761426441
1.643908251
0.082056751
-1.594953704
2.524231905
1.442874977
-0.81244349
1.934881704
1.191958679
-1.183288755
-0.415191372
-1.345666813
-0.472950223
-0.308630755
0.268094466
1.280035053
-0.591589501
1.017881401
0.099193881
0.420259308
0.011576874
-0.274237802
-0.195910022
-0.641246371
-0.752245655
-0.484918044
-0.091247555
-1.085219575
0.716765661
-0.216727159
0.509786887
0.55522932
0.001975528
0.214286887
-0.403911134
-0.782755864
-0.014737984
0.780766352
-0.421821017
-1.255675462
0.223315647
0.528709391
1.706121366
1.367791317
-0.26639606
0.015080513
0.793069316
0.904708304
1.320697111
0.172596126
-1.332834002
-0.351976894
-1.431295114
0.094399996
0.484077954
0.041372151
-0.626054605
0.522225777
-0.71445277
-0.474290369
-0.706038003
0.133721282
0.681657829
1.120133632
0.210554115
-0.19766461
-0.743323473
-0.003745401
1.562919019
2.415894719
1.288000759
2.199217538
0.991027734
-0.89824
0.324200595
1.84498131
-1.223045704
-1.012121606
1.422614493
1.123978854
1.087048434
0.718433183
0.527116903
0.294069144
-0.358409698
-1.154714535
-1.110730957
-0.101069524
0.052120246
0.164707554
-0.015267155
0.98007885
-1.158047238
-3.236813489
-0.996521351
-1.223573551
-0.119193567
0.577095879
0.765437656
-1.218365303
-2.133962634
-1.327569439
0.126872804
0.420215012
0.416695192
2.790217756
1.825055563
-0.417198918
0.578677703
0.61226645
1.316622144
1.629786475
1.58348537
1.717712791
0.296107931
-1.085943207
-0.889979982
1.744836258
1.259035529
1.128598281
1.472597301
1.500480428
0.282927236
-0.293083981
-0.444647907
1.644681516
1.153767457
-0.240499763
-0.654764674
0.38755935
1.150282608
-0.027995771
0.658367222
-1.71390807
-0.772098645
-1.981905656
0.099867813
0.235452342
0.539605157
0.734498375
-0.073892366
-0.809160338
-0.914691673
1.268374559
1.069355915
-1.39495253
0.474237381
0.325922357
-1.048654092
-0.585827036
-0.182352692
-0.532026054
0.305350322
0.398386324
-0.009314684
1.975208613
0.25696793
0.255526536
-1.269769497
-0.423042907
1.257686554
-0.0029669
0.947335849
0.329356818
0.668908527
0.105948403
-0.112623129
0.995381757
-0.850852278
-0.686996193
0.412079644
1.321301289
-0.413472312
-0.832429131
0.110405303
-1.003843593
0.368328375
1.52559103
0.971766733
0.671322136
0.117719721
0.227305052
0.994467317
0.660592491
0.222435498
-2.364122249
-0.149247039
0.396426723
1.44749303
1.474274676
0.327236248
0.693642597
0.864562332
0.408333157
1.587697756
0.885114974
0.30915496
1.018705609
-1.282859984
0.24711792
1.136606976
1.052981651
1.780872222
0.516137999
0.162548295
-0.156422353
0.523146494
1.262768523
-0.830491352
0.847968137
0.133147427
-1.099492239
0.815340196
-0.685435897
-0.55368431
-0.119050084
-2.140704821
-0.434563317
2.110521466
0.785869345
0.619748556
0.3862175
0.527649691
0.254820652
0.594610395
-0.872351761
-0.507031394
-0.449432396
0.371572159
-0.848956364
-1.023391152
0.27461212
0.29411853
-0.700963248
0.819031922
1.182956824
0.391609655
0.939146818
1.153319419
0.825891089
1.104313498
1.115656234
-1.790838978
1.473778869
1.843991132
0.925505434
2.015099167
0.021896139
-0.958055729
2.955480784
1.404635785
-0.987996125
-1.782336111
-1.691098763
-1.40619284
-1.028800409
-0.079192482
0.58763543
0.476523734
-0.392777172
-0.131378827
1.515685301
-1.541228728
-0.88213326
0.552246946
-0.532316418
-0.044432923
-1.147000675
0.020762682
1.291644221
3.655841268
1.680164658
-0.020743406
0.260950589
0.448203849
1.018745767
0.984563124
1.903009276
0.7081756
-0.775698235
-1.115230266
-0.326725636
0.163866464
0.238253005
0.190176865
0.099393072
0.754323056
0.750217853
0.331538789
0.10309504
-0.321385125
-1.203669079
0.451399981
-0.002215954
1.057770084
0.979096994
-0.932670455
-0.467958007
-1.019050457
-0.064334886
-0.191308889
-1.702253547
-2.567475355
-1.835758758
0.179621939
-0.034066934
2.511003988
1.9176878
0.866788674
-1.997731123
-1.783653442
-0.968598018
0.617819044
0.375719894
0.125251656
-1.429280023
-1.79851716
0.356078744
-0.607576081
-0.202072749
0.064363825
-0.594310321
-0.705672081
-0.367707725
-0.930242705
0.996550281
1.146594465
-0.030392126
-0.169070386
0.269608421
-0.849509071
-1.384086851
0.527311728
0.458283265
-0.896459398
0.050971847
0.078588384
-0.668666513
-0.05653825
-0.162370775
-0.137036548
-0.265843308
1.102861244
0.303015723
-1.872844624
0.42147155
0.056440443
1.24265015
3.351531113
1.488342421
-0.474284543
0.133900325
0.603718925
-0.120438175
1.023791892
1.975074116
-0.024597995
0.177110534
1.971574798
-0.726546766
0.210225416
1.174568106
0.978017855
-1.374830396
-0.971099607
-0.296379081
1.696672852
-0.117940498
0.146226632
0.074370324
-1.045493249
-1.751434012
1.157432055
0.262824885
0.080727945
-0.667039806
1.189132755
1.687521166
-0.321318518
0.954129236
-0.710237334
-1.112406034
-0.526971031
0.873799853
-0.930605227
0.153485156
0.426979366
0.585485341
0.712516405
-1.553944072
-1.323604851
0.827979621
0.897335275
0.170308695
-0.033942677
-0.085455581
0.927669473
0.928065799
-1.905874655
-0.129176995
0.402104064
0.224539698
-0.557934617
-0.376667412
0.378105568
-0.761364879
-1.02496884
1.007962083
1.493779163
-0.291046605
-1.127010181
-1.115209333
0.392979612
-0.315669642
0.057594094
0.050613925
0.235773458
0.657664397
0.118959954
-3.055469389
-1.695741243
-0.084563055
1.573368183
0.545857321
-0.222166909
-1.408940725
-0.456365935
-0.344559009
-1.664947792
-2.798661152
-0.325071029
-0.121672871
0.323697844
-0.95421419
-1.97056077
0.773570231
2.226991406
1.13886772
-1.652310749
0.969287785
1.334402945
0.014846946
-1.889140268
-0.020408166
-0.636408208
-1.463210239
-0.019695277
-0.180798414
1.090870733
1.45852595
1.145976663
-0.750643164
0.140715844
0.02215984
-0.092201023
-0.072811881
0.537971703
-0.011691106
-0.872070668
-1.125497038
-1.308217613
0.529368587
0.461478541
-1.698230391
-0.324487753
-1.429309024
0.101287058
0.815557818
-0.308037166
0.270694041
1.033658236
0.840357319
-0.145956541
-0.752326691
-0.750661805
-1.128210388
0.862967517
-0.860295227
0.731933181
0.185546162
0.374579114
0.834223478
1.041265696
-0.197658196
1.534836826
2.411544929
2.082261154
0.781530057
0.50159428
2.317333722
2.037827032
-0.612664431
-0.438876218
0.323540362
0.154736987
-0.567668316
-0.686876516
0.753354597
0.576781725
0.864417775
0.004381383
0.550897568
1.805897084
3.479451046
0.359872634
0.036596215
0.17668236
-0.315131873
-0.366273071
-1.819826107
-0.19572024
0.370613472
-1.008894557
0.980175401
-0.033931436
-1.400521538
0.828538893
0.709916635
1.985005647
1.753577732
-0.825656317
-0.855575194
-1.454838378
-1.323935399
-1.389177684
-0.599389199
-0.209935153
2.060651219
1.708730382
-0.064937345
0.780231065
2.37790321
0.657412107
-0.081685228
0.836245974
0.836851091
1.624237415
-0.151096053
1.493298881
-0.881716494
-1.275677835
-0.582003775
0.575259397
1.005506692
2.08264368
-1.250285484
0.590529782
1.433452546
-0.561669799
-0.869058981
-1.173713248
-0.417359115
1.209289848
0.625990939
-0.56340648
-0.320873122
0.30693045
0.810059108
1.917113537
-0.81901847
-1.669336794
2.427551701
0.387688921
-0.481377992
-0.156880282
0.282530536
-1.107140572
-0.660269513
0.893711875
-0.458635587
1.49902388
-0.352535771
0.492831057
1.190411568
-0.877590997
0.468708247
1.17865483
0.214732634
-0.332776551
-0.137411985
-0.945385689
-0.190844149
0.438142505
0.556137937
-0.625618904
-0.313283052
0.5473254
0.13427878
1.036026176
0.533511446
-0.133146953
1.380302809
0.421404835
1.121604785
0.977163595
3.112727618
1.511689147
0.361756454
-0.751978464
-0.247264061
3.164269843
0.416454029
1.815977958
2.087564366
-1.211039722
-0.989322504
-1.463900304
1.049811013
1.658381469
3.455792718
0.93781708
0.642388636
-0.264670816
0.814040553
0.841827659
0.127136815
0.346847343
1.473916606
-0.792793636
-0.232570426
0.087431684
1.158587672
-0.847869753
0.32951556
0.23947517
-1.104533875
0.196144453
2.282969894
1.782353119
1.427523419
0.168368333
1.551057549
0.619943535
-0.708995854
0.92415166
1.353064147
-1.012820096
0.970081358
0.257913245
-1.148219694
-0.695201908
0.392991701
-0.426949992
-0.326048142
0.493786555
0.811706271
0.421459562
-0.155908898
0.647090055
-0.455014052
-0.097478743
-1.389264225
1.0328907
0.421677785
1.056598433
1.306378164
1.433973467
-0.115401941
-1.528966079
-1.05040351
-1.082841634
0.0854631
-0.085649875
-0.038619539
0.477128903
-0.423063801
-0.190202497
-0.912231334
-1.425289362
-1.416243926
1.280285232
-2.837814896
-3.807640197
-0.600065859
-0.430328905
-1.208341231
-0.01143758
-2.82674025
0.253340105
0.897996588
0.032174889
0.576597012
0.74644118
1.105576965
-0.374166692
-0.694225795
-0.438752747
-0.901635917
2.826141657
1.980671616
0.309547638
0.68791154
1.453318517
2.04462045
-1.727896315
-0.908101393
1.057559742
-0.820602163
-2.43334583
-1.911342217
-0.946610752
0.467824321
-0.619947344
-0.812892112
0.000605408
0.110043472
0.045592788
-1.810448207
0.134427933
0.410354999
0.547068068
-0.406062169
-0.964887711
0.29041236
2.139242739
1.159056142
-0.249932961
0.404287182
-1.005456852
-0.486549232
0.065429944
0.550193041
-1.25355769
-0.650722222
-0.336162849
-0.034274955
-0.75073508
0.25525735
-0.819473301
0.798868062
0.345704173
1.213405116
0.182667127
-0.55862155
-0.814557994
0.801685186
1.329047828
0.875448435
0.545740923
-0.413868799
-1.178904216
-0.057932076
-0.829213483
-1.328999189
-0.405087275
-0.177193368
0.990195914
0.244489956
-0.453519008
0.775475716
0.922169068
0.444909251
0.562961475
2.890832072
2.132001305
-0.733152742
-0.298882604
0.940089893
-0.554941294
-1.033699074
-0.33936426
-1.713150796
-1.190710591
-0.425282891
-1.259713434
0.733548826
-0.374084118
-0.121421093
0.922191297
1.432890612
0.431286847
-1.654678023
-1.083006418
-0.53241138
-0.467305292
0.483636381
-1.293259955
-1.522365953
-2.11187237
-1.216525813
-2.191487258
-1.126897664
-0.398224001
-0.05908471
0.587407575
-0.26447081
0.443614611
-0.234833828
1.366046534
0.854080104
-0.097354931
-0.91291681
1.055455096
1.328125096
1.440604579
-0.923898598
-1.926715989
0.025821902
1.125028763
0.408879261
0.050884568
-0.666686423
1.863512283
-1.749779599
0.911858529
0.133926722
0.334017847
-0.354147386
-0.637912373
0.345297268
0.669584665
0.620805124
0.452441042
0.411445041
-0.665798529
-0.632432264
-0.508031411
-0.014100013
-0.649088311
0.257916472
0.153134177
1.745094792
2.993143011
0.349968616
1.919179484
-1.052204095
-1.487794934
0.471449726
0.049126678
0.926495834
-0.853160534
-1.428552548
0.736349813
0.72197437
0.796055696
0.089083282
-0.678614184
-0.276489389
-0.590247757
-0.575082524
0.932083998
-0.496970478
0.124789892
1.008618539
2.109223692
-0.519007902
-2.097580112
0.059384989
-0.697949134
-2.032681778
-1.678265436
-0.452466677
0.475639739
0.26272616
-1.461863516
-0.699029678
-0.806220495
0.915325429
-1.396027149
0.018526404
1.891190431
1.393766432
0.442117226
-0.811428108
-1.177655513
0.523375387
-0.802689145
-0.119372698
0.207248612
-0.669383239
1.411561516
1.273881841
1.146081329
2.494089579
-0.287809291
-0.937243643
0.069267062
0.886179906
0.309349917
0.94428345
-1.210438723
-0.637015305
0.036431739
-1.269498008
1.787521011
-0.889418069
0.007033898
0.69412266
-1.194549711
-1.16640823
-1.096882784
-0.867320077
-0.266851122
1.78925852
2.280213329
0.725897777
-0.829472404
-0.159626151
-0.881439629
-0.072445584
1.020319378
1.139166982
1.495617178
0.56281813
1.253408038
0.28321537
1.110600179
-0.022419469
2.199663237
0.753727999
1.224722098
-0.239263134
-1.173289358
1.118512524
-0.408220135
-0.057831818
2.419868279
0.048864088
-1.581134857
1.15479464
0.929982992
0.241540817
1.35351992
-0.288757176
-1.698981213
1.951379676
1.838867048
0.161028647
-1.682381383
-0.553169886
-0.848352022
-1.080544084
-1.016055099
1.012709022
-0.226125903
-1.111425437
0.560040058
1.856559174
-0.003303204
-0.203101952
-0.109488536
2.761817421
2.129181277
-1.047370521
-0.264959781
1.052265141
0.262588803
0.255017037
2.67470603
1.033755431
-0.58524085
0.983889594
0.426056767
2.124047488
3.061926135
0.588885644
0.219928765
0.495266471
0.723107055
-1.419818095
-1.68803496
-0.128938377
-0.492295296
0.177926004
2.675051216
1.51014277
0.471449578
-1.413691815
-0.72452557
-0.255511206
0.254337207
0.222328997
-0.695370986
-0.626103451
0.081614195
-0.63427097
1.422906682
0.965836245
0.828346572
1.070969289
-0.356312452
1.181706931
-0.113811007
-1.481694327
0.505196743
0.295664038
-0.488048045
-1.075328328
1.382432748
1.897553956
1.276958217
-1.527759988
-0.882358093
0.121214264
-0.686388506
-0.923847742
-0.018028876
0.113878616
0.90324402
0.977538827
-0.783574563
1.574444685
-0.117901882
-1.196547577
-0.260504379
-0.748629806
-0.733951072
-0.456438823
1.630530286
0.655891199
1.04852277
3.364123959
0.683170505
-0.987484264
0.433267197
1.234211247
-0.375349413
-1.367464223
0.256098031
-0.322715176
-1.177510905
-0.589868607
-1.059263445
0.40914816
2.239328567
1.847159946
-2.051170024
-1.861584288
-1.12644881
-0.391475168
-0.625803335
-2.228675732
-0.016742317
0.329769403
0.730411892
-0.192444191
1.335939258
0.220074248
0.045010984
1.021965171
-0.070850053
-1.470424603
0.941710613
1.747342791
1.073249472
-0.843646953
-0.790355181
-1.02403857
-1.080426335
0.437615215
0.335084211
-0.268040257
0.831251169
1.370090878
1.316642377
0.159001956
-0.342210536
1.073589747
-0.30340972
0.307845275
1.286186404
1.56877348
1.110982587
-0.913655645
0.134606693
0.709405832
0.489832807
-0.096188201
-0.509692732
-1.940822932
-0.920639161
-1.542391021
0.045392717
0.491217334
-0.356222388
0.669615058
-1.540280335
-0.140371124
0.792738761
0.876897182
1.236229738
0.576264356
-0.59726486
0.887113592
0.030159313
0.914154025
1.121094323
0.835395688
-1.465023974
-1.035316215
1.924600802
1.849933052
-0.971594222
