-2.6245
-2.4393
-2.7191
-2.4290
-0.8738
-0.1034
0.6550
-0.2746
-0.7506
-0.4952
-0.4441
0.5874
-0.7557
-0.4672
-0.1431
0.4617
0.4123
-0.0227
-0.2819
-1.9715
-2.0122
-1.2812
-1.8492
-1.0026
-0.0485
0.3194
2.0012
1.1433
1.1721
0.8143
0.2149
-0.4973
-0.8232
-0.2738
0.4837
-0.0034
1.9960
1.7517
1.7748
-0.1191
0.9399
-1.3424
-0.9339
-2.7503
-1.0518
-1.9690
-1.1056
-1.8826
-1.3844
-0.7804
-1.1255
-0.5926
0.6525
1.0239
0.6044
0.3976
0.8683
-0.2800
0.6151
1.2567
1.0271
1.2694
0.6289
-0.0670
0.4115
-0.5785
-1.8377
-1.1424
-1.7734
-0.0453
-0.5327
-1.5347
-0.8997
-0.4108
-0.8796
-2.3110
-1.0172
0.5729
-0.1692
0.0134
-0.7614
-0.2022
0.4955
0.4336
2.2082
1.4683
1.9694
0.6283
-0.9431
-0.5551
-0.8112
-0.1193
0.9471
0.9692
1.7954
0.4166
0.4660
1.5663
1.8778
3.0927
1.5353
1.3733
1.4933
1.5500
0.8208
0.7249
-0.8539
-1.8620
-1.3066
-1.6757
-1.7593
-2.2822
-1.0070
-0.8803
-2.2057
-2.5222
-2.3680
-1.8380
-0.7511
-0.5344
0.7059
0.0923
-0.8868
-1.1012
0.0349
-1.1607
-0.7985
-1.5331
-1.5647
-1.5979
-1.2104
-1.1292
-0.8121
-1.8746
-1.7740
-1.5106
-0.3067
-0.6111
-2.1606
-2.0092
-3.2309
-2.1621
-1.4822
-0.8542
-0.5914
-0.7041
-0.4843
-2.0753
-1.7244
-2.3539
-2.5940
-2.4658
-1.8130
0.0789
-0.9340
-1.3893
-2.9010
-2.0150
-0.6154
-2.2030
-0.5526
-1.3141
-1.0346
0.5582
1.8990
1.6697
1.1894
0.7079
-0.5802
0.1089
-1.8011
-1.9696
-2.5133
-1.0693
0.3582
-1.0338
-1.1378
-1.5355
0.3314
-0.2945
-1.0663
2.1325
0.1553
0.9555
0.7917
-0.6931
-2.1554
0.3161
0.0953
1.3537
0.3131
0.6775
1.1799
2.2388
3.5803
1.7325
2.9449
3.4190
1.9240
2.7434
0.3313
2.4523
1.4646
1.8798
1.5784
1.2195
1.3334
0.1551
0.5563
1.1127
1.6516
2.3319
3.6933
2.9553
2.2483
1.9225
0.4446
1.0899
1.7396
-0.3383
0.0811
0.4801
-1.4297
0.9530
0.8630
0.4250
1.1047
0.7080
-0.9756
-0.4364
0.1278
0.7776
-0.3088
1.2746
0.9220
0.7845
0.4219
2.1371
1.6244
0.6117
1.5294
-1.8309
0.1119
0.2586
-1.2787
0.7153
0.9663
-0.7981
0.3150
-0.2333
-1.4768
-0.1842
-1.1570
-0.1608
-0.3098
-0.3017
1.7408
-0.0410
-0.6667
0.7278
2.0045
0.6490
-0.0766
-0.0576
0.0247
0.6003
0.3144
1.9916
0.8549
0.2953
2.3576
1.7198
0.3314
-0.3679
-0.1298
0.3609
-0.8200
0.0208
-0.0358
-0.2335
-0.9030
-1.7850
-1.8901
-1.4812
0.1170
-0.2423
0.4635
-0.2694
0.1027
0.1707
0.5716
-1.5444
-3.1186
-2.5245
-1.9613
-0.2086
-0.2790
-0.5886
-0.7834
0.0988
0.2441
0.7230
-0.1676
0.5910
0.1026
-0.4073
-0.9074
0.2683
2.4630
2.2986
1.6981
-0.4014
1.6295
1.9588
1.0392
-0.1925
-0.7669
-0.4891
-1.8923
-2.7428
-1.3809
-0.5508
-1.9446
0.7983
0.2324
1.0277
1.3949
-0.1516
2.0397
2.8081
-0.7617
1.8963
1.1346
0.5675
1.4607
1.7029
0.4639
1.8823
1.2504
0.5625
0.2720
2.1370
2.8467
0.9600
0.9206
1.4156
2.7034
1.8821
1.2986
1.1669
0.0815
-0.0520
-0.0083
0.4249
0.1772
1.2854
0.9346
1.8181
1.3779
1.5846
0.1593
-0.5684
-1.1116
-1.2741
-1.7252
-2.4786
-1.4283
-0.7580
0.2802
2.3077
1.0641
2.0709
1.0187
0.6951
-0.1613
-0.4584
-0.5600
-0.3902
-0.5297
0.1826
0.8690
1.1258
1.9013
2.5440
1.5756
2.5423
0.5392
-0.0319
1.2292
1.3630
1.9334
1.6616
1.3776
0.8903
0.5346
0.7404
0.6582
1.3315
1.0197
0.4317
0.8019
1.6365
1.0264
3.2893
4.2948
3.7407
4.3772
2.7632
1.1169
2.0534
0.2171
0.3356
0.4824
-0.7345
0.3250
-0.1570
-1.4571
-2.9307
-3.8528
-2.9810
0.3268
1.9898
2.2216
2.8165
4.3610
1.5877
0.6245
-0.5751
-0.8517
-1.1345
0.2722
1.1127
-0.2927
1.1839
-0.3738
-0.0968
-0.7622
0.0570
-0.5850
-0.6607
0.3787
-0.4706
0.2979
0.2156
0.6530
1.4447
1.3138
1.4693
-0.2448
0.2358
1.3128
0.9926
0.2759
2.1783
0.2028
0.9633
0.5278
1.9919
2.5910
0.9288
0.2492
2.1568
1.8368
2.1245
1.4823
1.3478
0.0731
0.2962
-0.2377
-0.5319
-1.5202
-1.2633
-0.8928
-2.0330
-2.0888
-2.4261
-1.0061
-1.2973
-0.8829
-1.1905
0.0100
0.4139
1.1374
-0.8827
-0.0493
1.4157
3.3354
2.1391
2.7695
2.6823
1.7496
0.3433
1.2236
1.5085
1.0051
2.1027
1.3049
1.1976
1.5126
1.5902
1.5433
-0.2767
-0.3551
-0.6271
0.5111
1.4086
0.6934
2.5606
0.9640
0.1583
1.4396
0.1446
-0.3733
1.2807
1.7546
-0.0461
0.6422
0.9683
0.1478
1.1903
0.4355
1.4655
2.0389
1.6988
0.1232
0.6123
0.9501
2.1536
1.3652
0.5968
0.1129
1.2048
-0.0390
-0.9395
1.6476
1.1882
2.9757
1.6216
0.8061
1.0308
1.0466
0.7591
1.0104
-0.2820
-1.2301
-1.2175
0.4772
0.8782
0.1032
-0.2862
-0.3265
0.0308
0.2447
0.7905
-0.9454
-2.4855
-0.6100
-0.9809
-1.0954
-0.6957
0.0459
-0.4669
-0.6137
-1.0331
-0.4470
-1.0338
-0.5186
-1.7360
-1.7828
-4.1676
-3.1714
-2.5833
-1.8409
-1.1915
-3.5953
-1.1005
-2.0225
-2.7964
-2.1340
-1.2317
-1.9625
-2.4068
-3.8449
-2.3765
-1.4260
-2.7012
-1.3219
-2.0435
-1.1398
-2.8830
-2.8630
-3.1078
-1.4397
-0.8689
-1.6358
-0.9457
0.1687
-0.2632
-0.2347
1.0837
1.9006
0.0073
1.1080
0.9608
1.3702
1.9205
2.0637
0.0681
0.6628
0.3854
0.3974
0.4963
1.6542
0.4911
1.3239
-0.6021
0.1311
-0.4759
-1.9432
-0.9732
-1.5035
-1.6438
0.1550
-0.5447
1.3791
-0.8942
-0.9928
0.8572
-0.3453
1.3341
0.0497
0.2321
-0.8534
-0.5098
-0.0875
0.1208
-1.4271
-0.0942
-1.2140
0.9602
1.2252
0.2506
0.0433
-0.1695
-1.2742
-0.5495
-2.2649
-0.8485
-2.2545
-1.0354
-0.5952
-2.3952
-0.6261
-0.1071
-1.0032
-1.2603
-0.0357
-0.3948
-1.3174
-0.8211
-1.6000
-3.5914
-1.3898
-1.2271
-1.2921
-2.3599
-0.7618
-1.2066
-1.2630
-1.1614
-1.1491
0.1090
0.5935
2.4657
-0.0054
1.8758
2.9404
2.7697
1.5934
0.7002
0.8689
0.1446
0.7195
-0.2952
0.4558
-1.0098
-0.4185
-0.7364
0.5662
-0.1241
-1.0538
-1.1682
-1.8075
-0.3643
-1.1072
0.1992
-0.1515
0.5811
0.1299
0.3461
-0.3459
-0.4006
1.0407
-0.1964
-2.7149
-1.5495
0.3718
-0.2611
-0.5626
-1.5719
-0.4041
-2.7207
-2.3523
-2.5330
-3.4383
-2.6348
-2.5247
-1.9662
-1.9836
-1.0936
-1.8555
-1.3699
0.4899
1.1109
1.5973
0.4818
1.5359
0.7761
1.9635
3.0204
1.2048
3.4208
1.4482
1.6997
1.7798
1.0809
1.9177
1.9641
0.8949
-0.9269
2.0186
0.7113
-0.7647
-1.7246
-4.1265
-2.9981
-1.6485
-1.2422
-1.9811
-1.0072
0.0027
0.8989
-0.2787
0.8357
-0.0519
0.4657
-0.2253
-0.2452
1.0497
0.1016
-1.2011
-0.2503
-1.6278
-1.5464
-2.9852
-1.9145
-1.6434
-1.0196
0.8519
0.1847
-0.7281
-1.0483
-2.4000
-2.4694
-0.8633
-1.0699
-1.2105
-1.2503
-1.2355
1.2808
-0.1294
0.0768
-1.2226
-1.1572
-2.0927
-1.5360
-0.6657
-2.0686
-1.2733
0.0149
-0.0687
0.2255
-0.5873
0.2717
0.4699
0.7040
1.3624
0.9923
1.4749
2.0207
0.3640
0.6498
1.2181
1.4756
1.6339
0.8580
0.5416
0.2624
-0.9229
-0.2854
-0.8584
-0.1111
1.4843
1.4328
1.4920
-0.7565
-0.9942
-0.9192
1.4775
0.8211
0.8317
1.4508
1.4673
0.2637
1.4773
0.8053
0.6670
0.5331
-1.5761
-0.5065
-2.2296
-0.4483
-2.9037
-2.3685
-0.4520
-1.1323
0.1621
-1.9363
-0.6284
-0.4133
1.2312
0.0359
-0.4777
0.9919
2.0490
2.2183
1.4294
1.0551
0.8557
-0.7685
-0.6131
0.2141
-0.9236
-0.8240
-1.7519
-0.0969
-1.6956
1.2517
0.7485
0.6777
1.4181
1.5651
4.8193
1.9581
1.5181
2.0427
1.0364
1.5772
0.2076
0.6507
-0.7476
-1.4685
0.6097
-1.9733
-1.8962
-0.9282
-0.7521
-0.1211
1.6813
2.4165
0.7879
-0.0001
0.3760
0.0387
-1.0696
-1.2641
-1.6166
-2.3018
-1.0514
-0.1977
-1.2918
-2.8102
-2.3516
-1.8093
-0.4037
0.4755
-0.0506
-2.7784
-2.2042
-1.7563
-0.8194
-2.2115
-2.7002
-2.1220
-1.3414
0.4077
1.3325
1.0243
-0.6611
0.8552
-0.6017
0.6081
-0.5763
0.3962
0.5164
-0.9148
-0.9015
-0.9591
1.1756
-0.3462
-0.2902
1.5945
2.2923
2.7021
0.5746
0.0999
1.0379
0.1091
-0.7965
0.7010
0.7745
0.5677
0.3594
-0.9598
-1.1424
-2.7634
-3.5975
-3.9335
-4.2267
-3.1712
-5.3472
-2.0791
-2.2145
0.1546
-0.5346
0.0373
-1.5614
-0.6208
-1.3460
-1.0942
-0.8482
1.0656
1.6010
-0.7516
0.5768
-0.1120
0.3523
-0.2664
0.2223
-0.4568
0.7024
-0.0332
-0.8492
-0.7042
0.4164
-1.2123
0.8533
-0.2849
-0.6948
-0.6829
-1.0933
-2.0337
-2.3530
-1.1798
-0.6256
0.6345
-0.6251
-0.4304
-0.9868
0.1094
-0.4903
0.0565
0.4601
0.2314
-0.3623
-0.6085
-0.6344
-1.6529
-1.6854
-2.7667
-2.7296
-2.2433
-1.9447
-1.2416
-2.6645
-2.3994
-2.8599
-3.0179
-1.1676
-2.2302
