0.06069978
-2.387193048
-2.309528033
-2.793310585
-1.64618694
-1.677381095
-0.433715751
-0.1561303
-0.442787384
0.672055782
0.582356684
0.87087148
0.127785922
0.057840268
1.449663383
0.134642169
-0.658852479
1.263001908
1.838479545
0.908307376
1.079039958
1.621518462
1.151747051
1.305211157
0.813432671
2.162202397
1.465700038
1.900465626
2.704118022
1.802402992
1.225416116
2.3420148
1.202371622
-0.290512798
0.031384329
1.210991739
0.291865615
-1.960610563
-0.501706482
-1.791341999
-3.891211021
-3.561084806
-2.662856782
-3.605967591
-3.440168496
-3.308911562
-3.183173836
-4.022126778
-4.141517697
-3.442972275
-3.128109091
-3.467969717
-4.222035992
-4.914115574
-2.079010026
-1.052449688
-1.371190874
0.636536623
-0.052748254
0.059035736
0.740102022
0.766838922
1.053088755
-1.913113554
-0.141826025
-0.047317689
-1.105809693
-0.571192927
-1.7144916
-0.398331276
0.136821622
-2.388364508
-1.847320607
-2.243076175
-3.771955188
-2.653649104
-2.065455625
-2.791644398
-1.68204379
-2.765983567
-2.486768
-1.755619924
-0.931352988
-0.033624059
1.573197312
2.623593206
2.992522598
3.283118854
3.49155781
1.866472962
1.675355909
0.82195482
-0.892193128
-1.660065727
-0.909512697
-2.96474261
-2.739941996
-2.212341233
-2.050017146
-4.187966471
-3.860742042
-5.483528609
-4.786619849
-2.747217993
-1.631586367
-1.935436338
-2.381594893
-0.941194296
-1.506164256
-0.211324925
-0.579671929
0.804049171
1.875544823
1.871638406
3.105201231
-0.144181031
1.615094475
1.185609105
0.455406589
-0.28179312
-0.022053492
-0.882005322
-1.439665951
-2.75696601
-0.605012353
0.044334089
-1.14925041
-1.334375316
0.053861257
0.970234256
-1.183162616
-0.995536109
1.407784907
0.338344365
0.54825602
-0.812095088
-0.586530708
-0.23275957
-1.197886732
-0.322486636
1.458520518
1.533752066
1.892250696
1.386701148
1.431136779
0.949950805
0.277266841
0.853594946
1.653154743
3.64325323
4.033175908
5.234981481
5.472895724
6.134964262
6.661005741
7.138325923
5.266590747
5.689405299
3.82788027
3.231733067
3.189910494
1.964621161
1.556510949
2.87968805
2.212793178
1.841105105
0.651106004
-0.253134481
-1.348556744
-1.537366177
-1.695646987
-2.913088953
-2.593490675
-3.477525406
-4.513434412
-4.041245814
-2.988196402
-2.618396649
-4.257558202
-3.429145561
-2.848956167
-2.584698683
-2.596719414
-2.318409114
-1.93746091
-3.64976772
-4.323981334
-2.62483935
-2.799897824
-3.856754018
-1.382441731
-0.650600076
-0.48540617
-0.287875563
-1.011459566
0.278161073
0.529385005
0.789451282
1.997027666
2.387297955
1.331195578
1.6885609
1.462029321
2.273967943
4.687764217
4.01219476
3.300336571
2.917471522
3.154783542
1.429670602
-0.597174621
-1.871551858
-2.441478196
-3.800163291
-3.525911901
-2.203564117
-2.682391815
-4.744416823
-3.074326492
-3.120619449
-4.028867978
-4.523316854
-2.69207198
-3.673436874
-1.938106065
-0.526138857
0.865308443
1.309495947
0.401912795
-1.264650767
0.530321947
0.230510957
-0.343347808
-1.564109556
-1.44846665
-0.039236928
0.291666148
2.729343395
1.348091974
2.138253691
1.098561238
0.504619068
1.679625887
0.470164632
0.817091752
1.517439392
2.315269718
1.188265034
0.259124787
0.201419365
-1.45710088
-0.728449526
-1.141393119
-1.695631423
-1.450355738
-2.864400693
-1.251026761
-1.391906192
-2.603568585
-1.530023658
-0.842517614
-0.863847298
-0.309944999
-2.357338885
-1.016658543
-2.263146708
-0.893304473
-0.143117621
-0.555850705
0.176658852
0.586705715
0.762367664
0.755059597
0.137080304
-0.872604923
-1.179291048
-0.874361145
-0.937950341
-0.110425795
0.129476978
1.482396071
0.766933563
-1.468120975
-2.284977657
-4.60518354
-4.687967118
-4.263877017
-4.471498284
-5.532207714
-4.567263985
-5.581252961
-2.541644118
-1.501758093
-0.540590754
-1.577869904
-0.841071764
1.238491536
0.436951988
0.37813946
0.222775293
0.518205821
0.283614176
0.144671814
-0.125036687
-0.573443735
-1.883922604
-2.414223702
-1.836455289
-1.44888626
-0.618847365
0.308968978
-0.61801918
-1.263720075
2.042216604
2.169688702
1.263490952
1.360860606
2.498176173
1.973304487
3.051548088
4.622120524
5.550240457
6.643816141
5.491136693
6.474277813
6.536063741
6.504163594
7.158531234
7.357184037
7.099494201
5.767316486
6.939168936
5.525359242
5.29006555
6.196732126
5.87097073
4.166825217
2.884701718
1.223533687
0.644164428
0.21225734
0.840839672
0.615735679
-0.675523564
-1.217615332
-3.144996339
-2.87241485
-1.988359388
-2.43175746
-2.080941089
-0.167958884
0.012188542
0.5153476
0.218054525
-1.523710192
-1.760629636
-0.515126497
-1.852543185
-2.423126088
-4.086932601
-4.407651282
-3.864929895
-5.64847899
-5.425321843
-3.349734134
-6.148931661
-4.922562882
-5.838664006
-4.115286661
-2.865940642
-2.121292432
-2.810193544
-3.656208778
-3.948525702
-3.455945873
-1.72663199
-0.837455747
-0.821721659
-0.939366293
-1.299624086
-2.179865264
-0.806014672
-0.567723786
-1.44029631
0.028459434
0.598698985
0.067931244
1.1981943
1.452421194
2.361554215
2.711000822
1.908874301
0.842454576
-0.010426839
0.168713061
-0.713775917
-2.845755795
-4.2104491
-3.390761204
-2.224088797
-2.838555373
-1.659526829
-2.575054466
-2.555880946
-1.970159122
-4.292479484
-5.563817444
-4.379686536
-1.636648953
-2.068152379
-2.696772358
-3.387467084
-2.111884562
-1.909315178
-0.835757939
-1.171955966
-1.425671998
-1.69233626
-1.418204438
-1.901931114
-0.724334569
-1.960316208
-1.086877945
-1.787698896
-2.241787623
-1.790798006
-2.344773089
0.391505834
-0.174925912
-0.902880229
-1.59258493
-0.789914459
-0.718068296
0.335954596
0.102718719
-0.77719756
-1.395096232
-1.069610604
-0.552450241
-0.838373844
-0.072383421
0.002316133
1.364043438
0.919278724
-0.119190897
0.128936631
0.934837102
-0.266431316
1.075917137
1.589289145
0.01998091
-0.339524392
-1.789922252
-1.583822236
0.280108092
-0.05640027
-1.949622278
0.070922049
0.877526623
0.625388995
0.768908587
0.106157078
0.473849803
-0.359799732
-3.00544593
-2.782952962
-2.376644005
0.050058341
0.740239232
0.476538778
0.891089859
-0.052103995
0.193810495
1.457512548
2.775164966
1.532606821
0.922297629
0.896153381
-0.942899033
-1.943983632
-3.636581736
-3.496151132
-3.656839355
-2.633787571
-3.294329945
-2.541001901
-2.170227106
-0.445265644
-0.090292038
-0.562825642
0.76728592
1.66221546
0.619643879
1.161500303
1.594254407
0.616323786
0.678218769
0.963326067
1.26828134
1.560029763
1.642603947
2.365607575
1.341943046
-0.310369557
-2.776567188
-3.352683946
-3.33012039
-2.921622674
-5.451431882
-6.274949122
-6.524801976
-5.909059348
-7.140305437
-5.4773816
-4.645918842
-5.161825438
-3.687208738
-1.635687329
-1.719911027
-0.364038701
-0.402566737
0.339329356
-0.081078299
0.543278491
1.627183405
0.746222295
-0.357552622
-2.955619815
-2.073568364
-0.711143952
0.025087847
-1.046842936
-0.45801899
0.344413431
1.194104008
-0.325239469
0.466925734
0.624203045
-0.889356401
-1.101289274
-1.580982794
-2.509929541
-1.689678016
-2.494262036
-1.726135814
-1.566532234
-0.320011663
0.238163821
-1.01371626
-2.102379179
-3.173563043
-3.301005534
-1.025434083
-2.331839906
-2.412184521
-1.054934101
-0.514618504
0.162698675
-0.925976942
-0.979552761
0.412529024
-0.489853408
-0.313267384
0.428844552
0.441391304
1.120178467
0.114695288
0.213974633
0.842654665
2.228441094
2.708457288
3.130466085
3.005046719
4.153613219
3.486625896
3.770796957
2.085423734
2.853742458
3.488314
1.364040955
0.235487606
-0.918953336
-0.992201533
-0.241785847
0.046403847
1.43459254
0.575062773
0.614843012
1.32809113
1.357811105
1.511042263
0.386601844
0.80151268
0.656417947
1.280123811
1.061331376
1.313541769
-0.577760246
0.712842146
0.366229935
3.399648375
2.875432414
1.193701272
0.866005827
0.665324944
-0.142062907
-1.573146762
0.2909964
0.420599065
0.911300784
0.564129612
0.972015992
2.105714112
1.899848519
0.604443797
2.520495212
3.351689773
1.745224841
0.774586802
0.61559035
0.332997322
1.236358414
0.389621752
-0.62030767
-0.787463406
-0.035152506
0.730307874
1.595256759
3.141656804
2.310938391
-0.24854532
-0.159744554
-1.873925063
-4.01397852
-2.717242954
-3.274970007
-2.954977755
-1.298598353
-0.994683634
-0.204753841
-0.263041928
-0.251485344
0.392028321
0.44588205
-0.031072158
-0.142279962
-0.366354024
0.682999729
-0.631633766
-0.335301309
-0.640931409
-0.459495493
-1.527276059
-1.472211246
-1.817077838
-1.413132803
-1.524862493
-1.884394162
-1.758251596
-0.835216203
-1.64318963
0.315502073
0.425423983
1.403726485
-0.26822078
0.182254699
-0.369790233
-1.381634898
-2.122225193
-1.231484958
-0.511633524
-0.459589418
1.126247889
1.888073639
1.51651379
1.559275211
2.046632802
0.57828895
1.217896641
1.75318709
1.78193135
0.778054065
0.333662823
0.664082466
-0.497031027
-0.719887609
0.076280524
0.887794218
0.591443281
0.905994275
0.940649852
1.903407985
2.672829963
2.758154111
1.287989971
0.155065928
-0.263480848
-0.140568141
-2.438119579
-1.412242759
-1.245088075
-1.175430219
-0.555007928
0.330345983
-1.437738809
-2.861464501
-2.241524353
-2.735727389
-2.552652113
-2.67989409
-2.804675863
-0.799289449
-2.002891688
-1.674995935
-2.285335204
-1.320938027
-0.378477088
1.14796105
1.073315129
-0.236435825
0.073492407
-0.338359677
-0.347074038
-0.992978182
-0.343073222
1.271366976
-0.699677441
-1.641873047
-0.452032291
-2.331727234
-3.978184743
-2.816237117
-1.420522709
-1.481573406
-2.093697445
-0.137292227
-1.310740765
-0.311781131
-1.379496165
-1.257793826
-1.117897889
-1.452446231
-1.913134511
-0.552263415
-0.113784873
0.894437903
1.554972196
0.803824711
0.993200579
0.212823319
0.361340261
-0.935632077
-1.166206959
-1.596700055
-1.600120082
-0.323153847
-0.609484419
-2.42530838
0.118918756
1.13050605
0.466318183
1.806752106
0.324158245
-0.19263877
-0.474517142
-0.19366255
-0.326093992
0.979122186
1.016699603
1.753593183
1.132394704
0.49453481
0.547520752
0.81304071
0.731625607
0.418074133
2.231175052
2.237839068
1.007260777
0.763983269
0.418193398
0.511951485
1.793326971
1.422502781
1.207210121
0.876206604
-0.251904272
-0.671898035
-0.957443065
-1.096007972
0.422139195
0.304405034
-1.422863525
0.192947757
-0.710093108
0.416298779
-1.644996018
-1.429879488
-1.511482571
-0.392267385
0.96193873
0.632614607
1.010654813
1.972628611
-0.300195132
0.095609019
0.322269519
1.655220727
0.89647533
1.743874916
1.559748934
3.385969306
3.147275133
4.174254313
4.456227803
3.613703728
3.542589354
3.553569758
2.868932125
3.5223127
3.15498578
2.0808694
3.517058052
3.822955904
3.786606204
1.153304928
-0.351901975
-0.644058531
0.182276602
-0.134303511
0.049097015
0.963176396
1.176220406
1.565258028
0.762380004
1.43725008
1.196146711
0.01848651
0.109084437
-0.784069498
-0.015938515
0.029651819
-1.170632917
-0.916483753
-0.739036847
-0.397254837
0.450270322
2.766782211
3.516352364
1.99120334
0.612851685
0.525348294
0.227861737
-0.774044365
-0.328874189
0.492601397
2.141425448
1.596054147
1.670535972
-0.680090277
-1.32530863
-0.913792
-1.849639079
0.085139601
1.252355058
2.886088569
3.940563353
5.297519804
4.564175236
4.148389789
5.788735473
4.523397055
3.773169127
1.798229511
-0.079766756
0.86786837
-0.157624025
1.649259888
2.67370011
0.53670024
1.468270035
1.574887031
0.016757908
-2.191962445
-2.741140608
-1.582418272
-1.785959355
-1.686978697
-0.881178389
0.102456153
-0.996237051
-0.768853048
-1.2377844
-1.062725049
-1.052993852
-0.692561824
-0.397967924
-1.274975817
-1.473750357
-1.887029445
-2.760724777
-2.476785577
-2.91128332
-3.86642847
-4.496530606
-4.309753257
-3.82545167
-1.810538909
-0.719231119
-0.53222861
-0.493466562
-0.871256929
-3.254873661
-3.135993852
-2.893766214
-0.305130131
-0.571290156
-2.217369731
-1.951218378
-1.443175483
-2.25834563
-1.488099539
-1.172085537
-1.109299361
-2.133032781
-1.774738193
-0.262580251
-1.369935395
-2.067685902
-3.1299151
-0.260804322
-0.303672597
-2.105210346
-3.729003739
-3.591985613
-3.81688137
-5.632325712
-3.856536801
-2.045014179
0.022837194
-1.43192848
-2.611065885
-1.774201092
-2.054009805
-1.391549609
-1.665971412
-1.228212991
-1.821382354
-1.943506132
-1.179825715
-0.607816271
-0.275013907
-0.410587272
-0.064354233
2.673665376
1.888689967
2.351642293
2.648963801
2.775517553
3.040225151
0.984597268
0.668424157
-0.245683664
-0.143809202
0.187739018
0.002102862
0.544288537
-0.515952715
-0.421315704
-0.072355999
0.60331422
1.210170048
1.378650441
0.977523648
1.26163104
-0.212422388
-0.614016756
-0.53299759
-2.101211092
-3.690038127
-1.82051643
-1.198918184
-1.788050128
-2.621570599
-2.564629525
-1.607938696
-0.58560072
-0.472919325
-0.695205808
-1.294077524
-0.368618318
0.66336636
1.641229586
3.921963194
3.70353225
5.207842
5.416770089
4.841807425
5.945687734
4.068982001
4.319826715
4.73296688
4.369499469
2.481899968
2.000345612
1.066148979
1.492957619
1.891501393
1.996348737
4.056649396
1.704087477
0.313897927
0.176601256
-1.780293153
-2.904492756
-1.650759831
-2.236520092
-0.497479991
0.152899882
-0.710199999
-1.29153178
-2.075887598
-1.704325679
-3.405772356
-4.221314544
-5.165238374
-5.895361617
-6.204232287
-6.606921594
-5.535626791
-4.925577267
-3.073251836
-2.197685502
-1.129647667
-2.754403009
-1.707236683
-2.560697928
-2.906073593
-4.17351235
-3.950423111
-3.457776909
-2.514140963
-1.592523583
-2.5912956
-1.552281905
-0.265854626
1.247335648
2.407557459
1.555586292
1.082395543
1.384953755
3.071612292
3.470486562
3.896759435
2.128586221
1.824875854
2.768082476
2.206841597
1.942219613
3.062189252
3.265520845
2.22775702
2.397549275
1.345431011
0.319046523
1.069996931
1.945328445
3.008484782
4.007295181
4.315410357
4.273931737
3.808021502
3.761976759
2.836631151
2.728463485
-0.120257287
1.033519943
0.743850698
1.07124568
1.224399028
1.215605019
2.967136336
-0.544039772
-2.313108917
-2.371546742
-2.20461116
-2.810643474
-3.44779942
-3.339376708
-3.541200005
-1.924319342
-2.500009782
-3.619255513
-2.920540418
-4.513262526
-3.553275402
-1.5042725
-1.257156414
-0.12869809
0.014073618
1.685636344
0.795601797
-0.651002528
-0.625755792
-0.854613638
-0.648067791
0.557766913
-0.898073327
-0.390816269
0.046566281
0.056672181
-3.441075002
-3.620878393
-2.05027144
-2.250853358
-2.404843934
-0.979470878
-1.168726127
-2.753974311
-2.654073052
-2.338247696
-3.288583173
-4.249771902
-5.160804809
-4.890641386
-4.671433682
-4.237462999
-4.470557155
-3.783722387
-1.48518245
-1.914829183
-3.438479998
-3.204298343
-2.545290784
-2.410843313
-2.096691628
-2.9748099
-3.744982959
-3.556233281
-3.282765015
-2.755878545
-1.430771202
-1.470645724
-0.802039064
-1.790491867
-2.465728157
-2.663426142
-1.14455233
0.176653288
0.772955173
-0.453821965
-1.693409317
-2.170515258
-1.058057614
-1.821650419
0.897198784
1.484710945
3.316031143
1.883082789
0.873277208
-1.023880859
-2.088352552
-1.599531888
-1.833399974
-2.633845046
-3.593565166
-5.152778714
-4.725701928
-4.289132969
-4.655333508
-4.345199844
-3.671006366
-4.644787568
-2.711490417
-1.038989356
-0.174191333
0.323538821
0.278294865
-0.698728638
-0.209707612
-0.111684591
-1.400398478
-1.074359506
0.576787088
0.427054567
0.698479416
0.225093958
-0.653641154
-1.467936608
-1.343929925
-0.029301154
1.089968813
1.517592394
2.220719963
1.622870818
1.214654569
0.667917889
0.403986918
-0.015404638
-0.200970162
1.443921681
2.174806814
3.315785241
3.284368202
4.405427106
3.057280121
3.009254976
1.134280647
1.116715198
0.922923595
2.094480343
0.8165369
0.362056103
0.320549609
0.687471321
-0.665026105
0.873543181
0.796254155
0.809636206
1.560375667
1.525953001
1.52256199
3.524912611
3.945163114
2.979256805
1.916415585
3.483733939
3.171319731
2.066460898
2.491417184
2.846207923
2.06609437
3.524744997
3.147834696
3.794881592
4.029763191
2.473354585
2.210822581
0.907137284
-0.788068371
-0.412197198
0.929982479
1.711447759
2.864662481
1.250319388
-0.213670724
0.499097749
-0.88926711
-0.672671147
-1.062069281
-0.635135861
0.445311488
0.352779363
0.342021223
1.282025829
0.955887951
2.515802433
1.665003774
1.622754587
2.481363314
0.617241433
0.078558882
1.355849895
0.354379533
0.189086989
-0.718815831
-0.770117084
-0.564293069
0.524970686
0.054670339
0.00704554
-0.131626755
1.0910362
0.277323081
-0.544811931
-0.492488906
-1.028932866
0.443507623
-2.408332237
-1.240297687
-0.96559475
-0.52605032
-0.927120004
-0.393763031
0.48409866
-1.308629461
-0.563428183
-1.35756078
-1.587349589
-2.020031674
-1.550501802
-2.401427652
-2.892972921
-2.804129593
-2.104573233
-1.132099979
-3.347113327
-3.546318506
-4.317792952
-3.448852399
-2.894213302
-1.438153278
-2.592028491
-2.953125451
-0.942451339
-0.772697609
-1.607033619
-1.284137871
-2.02128185
-0.980030841
0.353100476
0.150326899
-0.214337616
0.471936993
1.785010553
1.523471546
-0.090284847
0.978733151
1.571068946
-0.688831345
-0.47527766
-0.690245023
-1.020940101
-0.29215071
0.271288497
1.814877301
1.085486971
3.387473853
3.271193554
3.135000124
3.475930383
2.960271295
3.443779258
1.997033958
0.599314255
1.416402073
0.499482091
0.686392318
0.037803391
0.000542411
0.856359412
-1.054926181
-1.56795139
-3.561363732
-2.539542867
-2.822961994
-3.153237025
-4.433771507
-4.135217108
-2.642993996
-1.789415407
-2.493616582
-1.627157622
-0.511147114
-1.161923656
-0.267133445
0.129851055
0.905394851
-0.672839045
-0.221864399
-0.522786473
1.178726039
1.738632065
2.234522472
1.089245086
-0.442263693
-2.511362587
-3.07442642
-1.625925995
0.790316259
-0.962200978
0.884974042
-1.411855016
-2.858002826
-4.136903879
-3.189424184
-4.820624312
-4.839160087
-3.370793371
-4.90241393
-4.963593386
-3.648800469
-1.741306146
-0.899969918
0.893512138
2.019194354
2.02210698
3.649097692
2.453384225
-0.241009588
-1.283133477
-1.273952509
-0.130790835
-0.592569734
-1.123504948
-0.595924178
-0.325278215
-0.984805131
0.016420719
-0.04732411
-1.430043602
-1.173183167
0.416398957
-2.187414608
-4.462270588
-2.832390067
-3.034124067
-2.860429442
-2.287906446
-2.479127448
-2.66134174
-4.429803409
-1.859719147
-1.337527624
-0.139048617
0.456170335
-0.422839998
0.014483173
1.089161803
0.598865748
0.426527299
-0.267556269
0.376257981
3.373578
2.613429393
2.879721776
2.456275933
3.296095714
2.503801115
0.950485299
-1.145256042
-1.114100169
-0.438907456
-0.406406011
-0.845924992
-0.084252765
-0.689474098
-1.352970091
-1.40762686
-0.411772241
-0.024048268
0.523002046
0.776572053
-0.730393425
-2.117146184
-2.05330651
-2.126046329
-1.581426363
-0.046155565
-1.627316254
-2.542824053
-2.698889729
-2.162214394
-2.180358126
-1.683587059
-2.380738709
-3.256910839
-3.821103154
-2.64568792
-3.807590631
-2.397188279
-3.520974376
-4.968848667
-6.138780948
-5.07314664
-6.427571611
-7.838247579
-6.995771692
-5.806913997
-5.945121535
-4.172813678
-3.718907138
-3.062584011
-1.617095877
-0.194798141
-1.651821235
-0.557611613
0.056402995
-0.195563105
0.2561155
1.836629545
1.992580188
1.688985443
1.015509739
2.171552877
3.753109086
3.321218651
3.533759365
4.697922724
4.271700283
3.768210527
3.646864755
4.834290992
5.998516321
3.878299756
5.788946114
4.177464666
3.069731254
3.758370562
1.460254945
1.778418278
0.667571071
0.422964469
0.296644608
-1.595915294
-2.189797865
-2.817407975
-2.027856948
-2.971857118
-2.413112263
-0.891760202
0.207821003
1.314212266
2.145447802
1.761441171
1.706581894
2.884225698
4.410263417
4.362448375
2.554261871
3.709206566
3.237126177
2.878706297
2.407871452
2.323021913
3.229530203
3.540287936
2.493525854
1.562817637
1.651651673
1.650289338
2.596599172
2.052332469
1.253070171
-0.734076765
-1.461844325
-1.681773196
-0.872348675
-1.138244377
-2.630915259
-2.693174426
-5.085647699
-3.726317695
-3.311119588
-2.098285877
-1.729636965
-1.944150566
-1.781195883
-2.499319106
-1.337239653
-0.171401462
-0.842816393
-0.83831052
-0.675531508
0.91606961
1.095218055
2.185944111
0.587711944
1.056016524
0.862243915
1.137634651
-1.017010333
-2.302203344
-3.570390326
-3.04413474
-2.900346562
-4.108746171
-3.166067085
-3.441524032
-4.501746752
-4.822676566
-3.659530014
-4.148124716
-3.552649958
-2.61632074
-4.390854101
-1.92211089
0.163605362
-1.131822625
-2.239743458
-2.235047072
-2.281441357
-0.56302078
-0.176679976
-1.34635072
-0.880621207
-0.832504493
-0.976571411
-2.489510268
-2.799408782
-2.006297699
-1.70348303
-1.12950386
-2.386483761
-2.534431278
-1.566346258
-0.529951627
0.777659123
1.609900017
1.029235627
-0.845255309
0.027850829
-0.354984962
-0.027273127
1.437736419
0.542829055
-0.224267638
-0.29095986
-0.584859537
-1.257519026
-2.772970511
-1.286583263
-0.72420518
-0.247000762
-2.295022191
1.351997686
-0.28110572
1.514491187
1.65206395
1.146951205
-0.239627419
-0.787434998
-0.703773585
-1.443787063
-2.260386803
-0.54480697
-1.666125841
-0.464545036
-1.781397947
-0.626341937
-0.064722797
0.434372856
0.070395186
1.130689526
1.431520404
0.090248918
0.695754044
-0.748942813
-0.854436853
-1.515200389
-1.630971878
-2.423240826
-2.107948379
-2.532995542
-2.935720257
-3.124484044
-2.851801842
-2.496294023
-1.477904253
-2.368717002
-3.120814391
-2.126531439
-2.816293123
-2.686292026
-4.475818343
-3.697235484
-4.341868349
-2.38851199
-2.155393566
-3.538972745
-3.518554628
-1.214635058
-1.044181381
-1.30518835
-3.750798656
-4.109690452
-3.589376001
-4.382842023
-4.026871683
-3.129257844
-2.675263078
-1.04719124
-2.845133604
-3.523521644
-2.198103671
-3.295813628
-2.632318013
-2.163577029
-1.482106751
-1.012892708
0.543777373
1.683045868
1.360673699
0.857468785
0.404642182
2.20036414
2.738229561
3.230216883
2.703979816
3.394178724
2.985064027
3.654141079
3.01949457
3.84639534
4.409260098
2.968514168
2.807609494
3.349800138
2.05280974
0.462212019
1.051996082
-0.174836107
0.178206313
-0.590895407
-0.732636597
-1.895845912
-0.102473575
0.775941955
-0.825377014
-0.620753369
-1.951043754
-1.247843822
-1.77915082
-1.33207096
-1.608700791
0.427263884
2.191225714
2.991688888
1.432147103
1.744071201
2.644898546
4.200548086
3.879734333
2.476853786
3.218887777
4.343210547
5.008473476
5.392820412
6.880419674
6.441491239
5.035673689
5.338069218
3.660190709
2.836564663
2.547241925
1.073344172
-1.137458131
-2.572959585
-2.752753858
-3.079631453
-1.438263408
-1.917689167
-1.997334013
-2.205219819
-0.479819192
-1.670764703
-1.142058918
-1.243187404
-0.977422587
0.178913321
1.672879544
3.544534711
2.132524641
2.426860516
1.997150921
2.498004412
3.4534032
3.013184389
3.605988246
2.819481877
2.51985579
1.771585557
2.106120195
1.706210997
0.643385637
1.691673834
2.688763357
0.849597807
0.150879714
0.746485967
0.671765789
-0.671950964
-2.033921275
-3.007741926
-3.115038052
-3.792598537
-3.169768392
-1.86327142
-1.040220992
-1.510973804
-0.21911445
1.41865847
1.456008342
1.441311468
2.292440516
3.121593013
3.660596341
2.130770458
2.394822331
2.047948963
1.857375062
-0.160446577
0.025644623
-1.230066628
-0.773071281
-0.777770101
0.47358263
0.355096975
-0.676245633
-2.727264396
-5.517338546
-3.414382866
-1.395463729
-1.726353074
-2.434103468
-2.587777326
-1.980412797
-1.589663793
-0.678644567
-1.011751545
-0.081901965
-0.614051405
0.773722343
-1.127003252
-1.353694185
-1.666408338
-2.150596683
-2.558713161
-2.094179485
-1.852120412
-1.000722008
-1.128227207
-1.818210331
-0.079378639
-1.163977778
-2.604923672
-3.064088928
-4.148275142
-3.843393756
-4.297932498
-4.410776145
-4.076058719
-4.076913937
-3.553274837
-3.64774122
-3.777716158
-3.454888652
-1.731194949
-2.202335538
-1.81134423
-1.696555753
-3.272775986
-3.899072646
-4.274557491
-4.602454182
-4.375497715
-5.205985302
-4.369113582
-2.350753394
-1.578726759
-1.356509521
-0.078934374
0.192612794
0.339704655
-1.571777102
-3.077601687
-1.886924521
-1.885918286
-1.177897204
-1.822539371
-3.067584742
-3.84159882
-3.067456525
-1.678646073
-0.648399788
-0.175588548
2.412264491
1.479021589
1.367035387
1.832041159
1.37939733
1.747502757
1.429688635
-0.920998375
-0.785566242
-1.64229289
-4.414554973
-3.007915327
-2.217394287
-1.286980496
-0.470595352
0.758175802
1.638345972
0.927110729
2.728781517
1.71157595
2.613159804
2.057360149
2.08211787
1.986072069
2.008719297
1.114292587
1.750978072
2.09278162
2.503293444
1.87015557
1.111672678
0.006831947
-0.984474864
-1.040248249
0.352448696
0.411612396
1.544850923
1.05021296
-0.429770712
-0.632712033
-1.444883016
-1.24152583
-2.074874216
-2.121884179
-2.488406086
-3.676173117
-4.665361369
-5.23036047
-3.767644988
-2.157864879
-2.255719197
-2.20857761
-2.264488883
-2.264849211
-3.418772357
-2.182617854
-2.522501555
-3.405568745
-2.233828458
-3.619715353
-3.693600346
-3.918011171
-4.305708491
-3.349195678
-2.209077685
-2.335743023
-2.528610314
-2.798497927
-1.965014143
-1.670153215
-2.886490245
-0.281174574
-1.167845149
0.683536848
0.409786219
0.355167355
0.749624112
0.78820402
1.556295316
2.174513584
3.34774064
2.049356937
1.435901556
-0.205264645
-0.229162662
0.638560084
-0.389103914
-0.183210168
-0.038150132
0.565863215
0.138500904
0.616448244
-0.640097614
-0.588533002
0.542273682
-1.646598836
-2.629607734
-1.743544767
-1.264122875
-0.59337706
-0.196863122
-0.185952823
1.806153165
1.492806379
0.861551807
0.706319078
1.467111854
0.523544633
0.517726496
-1.310338717
-2.581138873
-1.861790235
-1.560612644
-1.355640433
-1.750530095
0.13408274
-2.069272563
-2.138756122
-0.299917521
-0.940076244
-1.110326927
-0.648870536
-1.221346587
-1.618491434
-2.732422501
-2.833349372
-1.827535413
-0.665077894
-0.346732645
-1.895937182
-3.898435613
-3.329727157
-2.005823617
-1.092147685
