-3.759436496
-1.646151731
-4.282446338
-3.495379851
-3.575308376
-1.697206092
-2.208491184
-2.35993875
-1.767246732
-1.129443863
-1.264473247
-1.973569813
-1.726252829
-0.69822697
-0.644210683
-1.152467746
-0.352166861
0.914633708
-0.380882842
1.019933285
-0.160942965
-1.773429692
-1.401041154
-0.72033076
-0.200064244
-0.704228629
-1.082367833
-0.405886215
0.352550155
-0.113223392
1.331421217
2.358061284
0.932329734
1.899380616
1.120378233
0.212164544
1.977808454
0.481917118
-0.028941446
-0.322927836
0.204709745
1.294506854
0.80847507
-0.003039879
0.924473378
1.32523418
0.991886066
2.123985424
3.407128478
3.444771311
4.797050587
5.670236299
5.789489346
4.712930285
4.421458559
4.034316893
4.770877895
4.694777283
3.707286232
3.504372685
5.050695318
3.188596113
3.453891714
4.177285881
0.821323843
2.676229676
2.947411881
3.369683236
2.616500494
1.67633896
3.467167363
1.26308661
-0.044136952
0.493465329
2.200854556
2.259929147
1.843945867
1.826596488
1.701843866
3.55361112
2.381187237
3.073452807
3.005878733
2.837772588
2.330484885
1.22141585
0.894282787
2.127428265
1.622747113
1.431931089
0.829326012
-0.368773326
2.62925896
1.800589484
2.948732441
3.518496729
2.407086827
2.983778624
1.710706654
-0.635138982
1.16540983
0.755361919
0.410733607
0.28838678
-1.168143002
-0.024818985
0.893565824
-1.637329721
-0.985605467
0.081227927
-0.829592517
0.955270071
0.880951574
2.655657415
1.780904596
1.370767992
2.357804883
0.926039396
0.126559154
1.994035161
2.980830395
2.289084485
3.613286325
2.68743444
3.353428113
2.5367912
1.992190981
-0.104976015
-0.025229889
1.874678433
0.187816833
0.607351405
-0.412778015
0.981738783
0.052167825
1.035671246
0.942856881
0.687569269
0.73186945
0.517555663
-2.026955036
-1.278517069
1.145662668
1.210619708
-0.74990262
0.91166731
0.886403535
-0.612750678
0.1446925
-0.049995395
0.824243989
1.375295691
1.613691542
0.078486083
0.983082485
0.290903778
0.60214082
0.759630563
2.373446619
0.636664779
0.075150668
-0.575523768
-0.20940612
0.06927852
-1.629109769
-0.652580259
0.107357821
-0.870400426
-1.241343399
-0.813627334
-1.514735813
-2.583471768
-2.213630903
-1.700235998
-4.371438272
-3.383196091
-2.424842284
-4.295247546
-3.53152777
-2.26831569
-1.810460775
-2.022478977
-1.889339485
-1.459210827
-0.045002973
-0.235900309
-1.263722123
0.522418281
0.553509233
4.119086225
2.374279173
3.356502702
2.851506931
2.208400068
3.403463659
1.88517471
0.74997359
3.478490183
3.707211645
5.253609501
4.770492584
5.438465877
5.626700356
4.354842975
3.65685906
4.153532641
4.291003428
5.717468766
4.16723962
3.756963034
4.894751162
3.492521161
4.680450701
4.444542259
5.455085242
3.468755778
3.462439229
3.78310901
3.743332827
3.877993513
4.26142079
3.425188453
2.724755785
5.41417261
4.17821607
5.856509297
5.36590673
6.80796305
5.925869415
6.18077865
5.494097339
6.207514366
5.588588211
6.408902793
8.248531221
7.518881999
5.660684715
5.851222884
5.948593453
5.885146628
5.224985832
3.397021707
4.396017656
4.652006264
5.2599409
6.120693365
5.323105342
3.84121854
3.416426727
3.462661734
3.981435539
4.936926614
1.787895457
4.54164434
4.095522624
3.039726879
2.771593736
3.411314912
2.425756793
3.365289634
4.623624859
4.227020083
3.255583898
2.798896827
2.948797469
4.128774865
3.998679147
3.29513902
2.976799596
1.921970921
1.840477193
2.511754941
2.140646486
2.433700016
1.626884813
2.793593979
3.414125692
3.648698477
3.06404152
2.153793238
0.782333199
1.037384327
1.023434871
0.817344415
-0.18934098
-2.460792797
-1.150047455
-0.57164949
-2.507915938
-3.483551713
-3.257728998
-5.646367791
-5.071140334
-7.002789495
-5.242334542
-4.349654124
-5.880613335
-5.271311407
-7.072743097
-7.883667339
-7.50256656
-7.516355946
-9.188958268
-9.739065941
-11.0594985
-9.930047251
-10.84919201
-10.41216494
-10.02326703
-8.750027137
-8.2699035
-8.130832063
-9.841081901
-9.249364403
-9.288870308
-8.218232101
-7.883761113
-7.772440778
-6.777791411
-6.217698616
-6.526107342
-7.223210303
-6.195976494
-5.191220789
-5.087232945
-5.847712104
-6.717565826
-6.531974992
-7.255729576
-7.396989865
-7.877238672
-7.02375874
-7.524950707
-8.092371461
-6.966193295
-6.685739392
-6.999223633
-4.452715059
-4.755504136
-4.99732975
-4.001247576
-5.993571346
-5.874243516
-4.020606106
-3.628793824
-5.522115297
-3.493711007
-3.011758842
-2.677967839
-1.756356675
-0.069356111
-0.176454074
-0.626066372
-2.054055391
-2.273585024
-2.757427117
0.006707774
-0.673313918
-0.843462743
-0.69231049
-1.266827898
0.373661361
0.620484931
-0.070229077
-1.141666626
-0.068121443
-1.850081131
-0.370324324
-0.832478361
-1.21862207
-1.430874632
-2.265103225
-2.802070378
-2.272761499
-3.869044486
-3.837429544
-3.648889372
-3.507956853
-2.577975125
-3.602897978
-4.728250937
-5.9643715
-4.420593195
-5.02046537
-3.432062917
-3.767162641
-3.085278929
-4.874783307
-3.432442021
-2.215401515
-2.137579725
-2.965492497
-2.830854249
-1.915297456
-1.005898362
-1.626563899
-0.154340442
0.355139354
-0.445809681
0.623915573
-0.533542423
-1.227293285
-0.341847022
-0.108142849
0.095822634
-1.717659155
-1.370482491
0.828625668
-1.182285269
-0.405344979
-0.318985394
0.320400431
1.35044539
2.188575972
3.276764773
2.373670256
2.821979374
3.219533463
4.583506722
3.555761853
5.09347274
4.284994701
3.683951487
3.534505037
4.033238154
3.217675441
3.14020528
2.443323949
2.205125729
1.394650048
2.159415593
1.771064427
2.30412629
1.745161728
2.93219237
3.329681815
2.748928231
2.050747755
1.547836254
1.122033033
1.264470169
1.82612712
0.454115029
-0.148012951
1.315080371
3.161529327
2.260783304
3.815452308
3.135848823
3.296299221
3.620775298
2.666841327
1.889477161
1.930035516
0.516530471
-0.828654757
-0.278056752
0.240663798
-0.234924773
0.694003511
-0.741431346
-2.188025991
-1.479221371
-3.281590332
-2.743229654
-4.330827328
-3.047626051
-3.420534725
-2.232499901
-1.314578507
-1.063267724
-1.238210084
-0.586469567
-0.420980206
0.528744801
1.758326016
0.440590234
-0.914018011
-1.16291268
0.696905954
0.158914837
0.181359954
0.680247749
-1.097303495
-1.150111601
-0.846883831
-2.069921622
-0.435090278
-1.716579085
-0.326849318
-2.163514748
-2.498207343
-4.673193946
-4.912183866
-4.461136863
-6.638148082
-6.409731854
-6.034341805
-7.209489038
-7.416518338
-8.382588975
-11.59239497
-11.03787375
-10.83145674
-9.70379453
-9.017191107
-8.1351092
-8.996227757
-9.12167921
-9.396175536
-9.667002415
-7.870694446
-9.148554106
-8.532917948
-5.686417101
-4.800004248
-6.768495527
-6.647855463
-4.48178004
-4.245636801
-4.239081943
-4.674160077
-5.858372372
-6.65703435
-6.645961099
-5.387834903
-3.835042268
-5.039950229
-4.292731538
-6.130879512
-4.462334161
-3.449251194
-3.416177162
-4.659804075
-2.957483243
-2.039465086
-2.468234709
-1.322085114
-0.989486797
-0.420640312
1.129938245
-1.177339066
-0.26263963
-1.406673593
-0.955553231
-1.550238474
-2.587515418
-0.695208396
-2.509710415
-1.138762241
-0.958167016
-3.739141058
-1.470259049
-3.130609451
-3.371710964
-3.416539956
-2.53343929
-2.914939968
-2.904962618
-3.435405598
-3.784256267
-1.568768084
-1.130430833
-1.097704312
-0.48008362
-0.040792148
-0.818385914
-0.870384329
-0.487775808
-1.802187205
-1.870133187
-1.890520755
-1.323160299
0.03649162
-3.565903283
-2.163691315
-2.241117975
-1.991236704
-2.865000652
-1.794304299
-1.621213358
-1.948039566
-1.368471769
-0.687174797
-0.581681386
-1.773699207
-1.439676093
-2.892585689
-4.207407268
-5.662301766
-3.126135438
-3.998559954
-4.043188586
-3.4846762
-3.456575187
-4.094706894
-4.446180903
-5.053561936
-3.715442312
-4.48180511
-3.363780918
-3.152026614
-2.785139772
-1.97387623
-0.85495682
-2.13640998
-0.830351448
-2.12763803
-0.718790566
-1.343431501
-1.874709757
-1.61443917
-0.397545264
0.479145163
-1.020253483
0.364412646
0.285073168
1.524887911
1.86861682
1.225079836
0.397418506
1.136212334
1.455414156
1.689749606
2.415859999
0.918180395
0.210287195
0.76936165
0.041492355
-0.657229302
0.10499685
-0.180196409
0.881468554
-0.00523457
1.211059681
1.171487357
0.89382802
-0.252755521
1.47207796
0.726240641
2.407121254
1.677448435
0.685678101
0.411497971
-0.599649459
-1.065603536
1.08319621
1.592519281
2.649547153
1.353754279
1.815222758
3.844147432
3.49933062
3.042063825
4.241993587
3.061157733
4.554964895
4.138998644
1.800555005
2.024098625
0.304198629
1.846460003
2.447480607
0.27024719
-1.346462607
0.262212559
-1.568362474
-2.139742266
-1.790107098
-2.50370723
-2.574622647
-2.276473336
-2.146573008
-1.972842099
-1.157739532
-1.321294055
-0.5048948
-0.78970792
0.586157668
-0.209517633
-0.236718001
0.516532337
1.545054928
0.889576005
-0.878827546
1.610522929
1.171507679
0.268590129
0.449468305
-0.772956254
0.444272984
0.904806037
2.176062305
-0.179303787
1.385011864
1.050996251
0.332135584
1.410955062
1.126754338
1.148711022
0.471667698
1.248435762
0.850246443
-1.314831738
-0.655774975
0.154237939
-0.572381293
-2.130870181
1.211253734
1.485727713
1.356268374
-0.087199385
-0.696503542
-0.661115972
-0.600039443
-1.633612348
-1.494228859
1.184228394
0.173492597
0.263358625
1.109056812
0.994795606
2.018869465
3.800364835
3.942532872
2.3065826
1.353383396
2.170881294
1.461290192
2.474799602
0.80252983
1.316419836
2.107464562
2.982815363
2.305089375
1.870225078
2.13970698
0.177862291
2.467515154
2.206589309
3.06050971
2.684585229
2.573169967
1.338951276
1.393485116
0.420811996
-0.612540091
1.417204057
0.633194768
0.649553107
-0.123563031
-1.471261581
-1.367392254
-0.785840443
-1.669766476
-1.694428402
-0.942555878
0.352788431
-0.619189405
0.873339567
-0.235669374
1.816612831
-0.248296411
-0.267406004
0.90699629
0.06991896
0.921387984
0.074417712
-0.628357182
-0.658954593
-1.336363322
-0.948557448
-3.151105824
-2.388517989
-2.112813084
-3.939409289
-4.454752821
-3.695029432
-4.550864334
-3.510451549
-5.687807289
-6.049141018
-5.406240016
-5.927638415
-3.286543973
-2.540561686
-1.662325105
-2.143416182
-1.736197983
-2.349459587
-1.883857107
-3.850556468
-4.708410331
-3.462552287
-2.919566506
-3.767510733
-3.255750973
-3.793602887
-2.981419542
-3.033644238
-1.832776883
-1.296013779
-1.938856849
-1.587889818
-2.504091542
-1.125555083
-2.039685468
-2.804423277
-1.360666192
-0.897704284
-1.960566506
-1.696636107
-1.524199509
-2.03049353
-2.374133539
-1.250617483
-1.6473941
-1.504163736
0.145245452
-0.738020492
0.412958461
1.15086541
2.036627801
1.703699667
1.346857879
0.984169731
1.994078145
1.759107179
1.458280332
1.652411479
0.374581364
0.552929171
-0.562252465
-0.744802213
-0.835057581
-1.218975671
1.399978894
1.018696893
0.688874829
-0.975229475
0.019561191
-0.642616133
-0.90821956
-1.370138714
-0.19176663
1.240439327
-0.430539888
1.819901191
2.628889752
1.111452186
1.796660664
0.907674472
0.208935659
0.931496809
2.596991254
1.499715089
3.117617291
2.118283986
2.035479787
2.22151345
2.764912851
3.163778656
2.948358795
1.615025988
1.9669078
2.04297139
1.816667546
1.285477511
0.742352369
0.758416864
2.5156089
1.764935386
2.901000875
3.112726768
2.372852793
2.616827924
2.306384043
1.417578607
2.136974192
1.935447655
1.560441288
1.993573468
1.986097565
2.334541133
2.254524334
1.089349928
0.634334874
1.55199342
2.686206509
2.652136084
2.696656777
0.543311264
1.387280199
1.712545284
1.028644978
1.27270449
0.40877103
1.488640945
0.922832258
0.105814557
-0.716651882
-1.435878522
0.08427908
-1.928522786
-0.582850125
-1.404314345
-2.514707951
-0.119428369
-0.864327824
-2.203162328
-2.785066563
-2.784607541
-3.681082399
-3.591081265
-2.904503585
-3.21414907
-4.736286772
-3.222242226
-1.817917759
-2.270449648
-1.671470414
-2.122075109
-2.483516994
-2.726967911
-2.255161645
-1.212257722
-1.670071073
-1.825046826
-2.22749159
-2.411549495
-1.322066003
-1.881501563
-0.53238159
0.757541609
1.08264809
0.671266037
2.183370944
4.289909043
4.351571503
4.2016743
4.830066521
3.7302745
0.705032091
2.262101559
1.77366881
0.862311181
1.731260624
-0.407834777
1.506534836
0.416738912
-0.188284714
-0.524289726
0.779124179
-0.830004992
0.042294478
-1.098844242
-1.544859887
-1.500954623
-1.97506712
-2.054021213
-2.410184302
-0.827887484
-2.024683059
-2.355716296
-2.318986566
-2.924648679
-1.710639545
-1.693461236
-0.90768035
-0.029641859
-1.233571762
-0.316716158
-0.637305214
-0.960049543
-1.068634347
-1.196710847
-1.854126098
-1.208337509
-0.937488277
-2.255410669
-2.437758378
-1.617403685
-1.634701477
-3.039930938
-1.94574184
-3.838439874
-3.024018383
-4.798599634
-3.493205751
-3.479499162
-4.142571409
-4.380700541
-3.612119774
-2.827098499
-2.258780547
-0.929008888
-0.423747851
-1.799111194
-0.540896561
-0.53144227
