1.811537363
2.086223439
3.346637584
1.781586451
0.689224488
1.184228174
0.657582907
1.020757092
0.840250844
2.061618769
2.275155498
0.661543638
-0.258086317
-0.01587078
-0.821713918
-0.456500176
0.124865231
-1.279839237
-0.449252434
-0.527597134
-0.061088824
-0.189326789
-0.760269897
-0.256311556
0.419160217
-0.972409472
-0.502346676
-0.553282443
-1.44147223
-1.336526848
-0.2414664
-0.427606668
1.618871213
3.427694828
1.633376841
1.39007317
0.342698924
-0.578829155
-0.976858735
-1.545396996
-0.964719649
1.025859678
1.537152999
2.027855159
2.819410521
3.652823158
2.103906711
0.637396117
0.020627066
-0.903824846
-2.771718478
-2.939549682
-3.247551216
-1.962845541
-3.032934524
-2.281001506
-1.165483983
-0.196928774
-0.988710761
-0.870020133
-1.14934779
-0.963892342
-0.099778959
-0.379456133
0.520926471
1.346380888
2.640675703
1.523718608
3.071450508
4.707857435
1.856028876
3.044556909
1.494774661
2.798834201
2.960738456
1.936225626
1.076270855
1.339929191
1.023034734
0.568161188
0.847375245
1.864191431
2.855532487
1.566831903
1.342115443
0.940510813
0.893287738
0.976143628
-0.336951744
1.246276292
0.503353934
1.27951742
1.61289443
0.375331716
0.60966438
2.296062944
3.667527627
3.975807436
3.442057788
3.25205223
2.961297519
1.257344421
3.334349608
4.62405281
3.340792633
3.300746157
2.072695303
2.221418786
-0.08931145
-1.80539811
-1.814398493
-1.80292769
-2.713713514
-3.505024685
-3.952966222
-4.180895414
-3.284256146
-2.551550627
-1.600973322
-0.966586103
-2.328531639
-2.466437656
-1.729198108
-0.351072825
0.932769229
0.219156926
-0.864279342
-1.460961259
-1.429952514
0.649365807
-0.208957859
0.063775934
-1.320816103
-2.747352071
-3.342361938
-4.220553523
-5.799652133
-5.11742858
-4.227340656
-4.578930481
-3.849508877
-3.349575297
-1.4635772
-0.760061085
-2.139060299
-2.006392085
-3.596122669
-3.090912852
-3.767297968
-2.563091251
-1.36140936
-2.59984865
-2.891618533
-1.544768135
-1.30025747
-2.589593097
-2.097412252
-1.32723386
-1.166379533
0.115492339
0.812169651
0.693658519
1.694120672
1.8204818
1.748120222
2.040921843
2.417370987
2.156813506
2.367180304
0.77738265
0.744647288
0.756062804
2.726809815
1.977264937
2.1891201
2.831045515
3.798628943
2.070772854
0.308504692
0.150854675
-0.835529645
-0.307721838
0.390227266
-0.191862419
-0.695872029
-1.972328543
-0.815677647
-2.343999648
-1.180262152
-1.054847539
-1.02386257
-0.063893104
1.18650077
2.187973239
3.61481987
4.179981193
3.787279332
3.172662479
4.604082531
5.192419832
4.450378529
4.768179678
4.524620099
3.088377418
3.811266561
4.219644731
2.385961356
3.664210605
3.752399069
4.385464885
3.746190888
1.891337504
1.779613018
0.520137851
0.556548849
0.009589178
-0.091151528
-1.344957399
-1.013331848
-0.990748633
0.336869841
0.08746249
0.334969241
-3.313164515
-1.792827888
-2.140335653
-1.704969077
-1.742792317
-3.059376214
-2.801565688
-1.799775149
-3.395599153
-3.694622833
-4.545200947
-3.611786795
-3.649722544
-4.915987271
-6.06526469
-6.57445236
-3.732327473
-1.167577372
-2.699605376
-1.031658214
-1.455650329
-1.284528893
-1.885300583
-2.001260493
-2.540542747
-3.245720954
-1.769062753
-2.113483659
-2.564738376
-1.610879682
-1.966794279
-2.350942912
-1.080532666
-0.568298067
-1.070004925
-1.192196547
-1.395494094
-1.688955304
-2.079064815
-0.324510044
-0.752224956
-2.575082271
-1.751271081
0.009699925
-0.701805064
-1.051975679
-0.822404247
1.200209676
2.003283162
0.458775624
0.479189713
1.393901385
2.250256969
2.481277235
3.592148211
2.547994169
1.01926475
1.105337459
0.863525754
-0.779405018
-1.485786383
-1.148817232
-1.925173346
-0.32548923
1.303228345
0.780829636
-1.119960389
-2.72288639
-1.464595013
0.142303753
1.072606169
-0.528831959
-2.165865786
-2.017512626
-1.780995821
-2.316761811
-2.702877031
-2.625068989
-3.291546628
-3.194731589
-4.041551219
-2.732429011
-1.120302496
-2.334091737
-1.571847899
-0.327448462
-1.50090245
-1.487834703
-0.94620853
-0.227975377
-1.225266993
-0.952115944
-1.209951459
-1.232895058
0.04505534
0.574948396
1.087778742
0.3952691
1.903999621
2.421037486
1.488556494
2.318053498
2.569732175
4.168106316
4.054856872
3.550112944
3.287204752
2.546430473
2.097492276
1.291589034
-0.149282212
-1.663362031
-2.615886155
-4.181662139
-4.044761012
-3.366820218
-2.883735882
-3.224507717
-2.105626353
-1.356111669
-2.168741145
-2.339050532
-3.44032634
-2.656570665
-3.224743509
-1.414255441
-0.652273109
1.228781072
1.435183106
0.144838954
0.822163308
1.037670583
1.973638617
0.216087495
0.316118761
-1.240573665
-1.207710395
-0.74227981
-0.400982419
0.403136767
0.133095864
-0.6458745
0.733455065
-0.977139278
-0.712257528
0.62161087
-0.440463186
-1.250918132
-0.744671426
-0.966051556
-0.141708693
0.215989954
-0.439886127
-0.800482633
-0.356597242
-1.438266693
-1.254042803
0.136276923
0.620991749
0.592894396
0.1184695
0.351918738
0.243829042
0.169944762
1.135578848
1.718921965
1.274497194
0.292182471
-0.752842077
-0.738108829
-0.247003584
-0.11439373
0.893466793
1.336171057
0.579679294
1.474340192
0.816236827
0.898355303
2.34742837
2.500941942
2.042385545
3.775232054
4.092233545
3.939080483
3.027797622
3.762519868
3.376964012
2.212584946
3.166840376
4.106027154
3.768384319
4.097509293
3.949075463
5.463503294
5.993622418
7.136089041
6.283583787
4.683980401
4.472308281
1.665849601
2.140177365
2.778261824
3.749228775
4.669844424
5.770367232
5.804468565
4.222558951
4.603629963
5.663213207
5.967427428
8.655361763
6.339465222
3.604683153
2.871536628
2.161750037
1.814542246
2.267935601
2.582027258
0.76955778
2.573495077
0.478048277
0.462300819
0.157518308
0.70618957
0.080856948
0.624855972
0.297497987
-0.536371925
-0.603800645
-0.78118073
-0.643670149
-1.082740655
-2.730050262
-0.8842721
0.06935412
0.333220887
0.863728086
1.12678654
0.979335659
0.203438539
0.040395221
-1.071167318
1.587294189
-0.113570581
-1.433893421
-0.299223826
-0.017024901
-2.067311578
-2.752863102
-2.820040408
-1.679732029
-1.309949575
-1.802824145
-2.590560973
-2.685087615
-1.507239609
-1.162098544
-1.654339118
0.128607453
0.277931346
-0.977164685
0.257011267
0.414762921
-0.195530863
-1.543497328
-1.750062162
-1.120059578
-1.64387961
-1.376283208
-2.805136209
-2.924788656
-1.772698394
-0.71495178
-0.675460439
-1.594873106
-1.913284052
-1.91409837
-1.528634065
-1.11944143
-0.326665726
0.661818007
0.184744426
-0.292646683
-1.788963711
0.140238237
0.349596266
-0.341761083
0.327722544
2.348302489
1.406320779
1.430522396
1.340453852
0.762202223
0.515648691
-1.49667717
0.898186881
2.470520346
-0.700224939
1.052762265
0.761119106
1.395801555
1.435705406
0.114561764
-0.04237049
1.404054432
1.420435376
1.936868626
0.248502398
0.00570842
-0.646635396
-0.82136512
0.120232147
0.663510745
1.273803834
1.332483831
1.471643642
0.081748695
0.008871456
-0.318248749
-1.195044096
-2.101890145
0.13653469
-1.556659703
-1.50696483
-1.628270421
-0.34840551
1.859334294
1.611036159
1.411846786
1.788969567
1.139896759
1.760982475
0.386481068
2.004366098
3.039131159
2.908320454
3.495432359
3.077759894
3.04209516
3.23465429
2.339694955
2.724194691
2.811826715
0.473827352
-1.032694032
0.042474074
-1.063704357
-2.166920038
-0.140101402
0.361703484
0.266838947
0.584805989
1.236027098
1.012732585
-0.751865541
0.724755732
0.445704871
2.435054724
2.405696618
1.145829149
1.460325141
-0.48397247
-1.063918507
-2.770462639
-1.537878467
0.942259452
2.369582377
0.897594698
-0.344641277
-2.019262301
-1.935872665
-0.365694461
1.204823616
0.671247804
0.824642831
1.17585921
-0.252294107
0.869454142
1.488577607
-0.112806336
-0.054533207
-0.012273985
-0.48494936
-0.359355974
0.258308506
1.077012707
2.913541859
2.124630133
2.285175118
1.171653545
0.828196107
1.575500935
-0.866421727
0.757892758
0.002461557
-0.026418923
-0.000805877
-0.671779744
-1.948986277
-2.387132487
-2.049370873
-1.290405001
-1.831459726
-1.082842292
-1.559804589
-2.285963665
-0.551306031
-1.8638309
-1.427636206
-1.783380266
0.136812846
-1.243253892
-1.783622908
-2.00064322
-1.420027478
0.145749004
-1.14810021
0.193742301
1.078239714
1.252589821
2.943843312
3.081349753
2.630471344
2.28680163
2.884913136
2.681301689
1.060446026
-0.52645869
-1.855393878
-1.810119302
-0.353552956
-0.997141007
-1.67024168
-0.291043131
-0.440250052
-1.547089118
-1.229139766
-0.563108083
-2.209953605
-1.860962329
-1.574734822
-1.739829659
-0.254211053
-1.643671808
-0.863773016
0.05184334
1.259163007
2.39246428
1.424894623
2.181884414
1.546780785
1.137524431
1.860539633
2.034956046
2.673847074
-0.220248061
-0.669620237
-1.213569142
-1.337898069
-0.618528703
1.050934373
1.182111694
0.329727704
0.734140519
0.064875717
2.070406036
2.03872709
0.586197069
0.557157131
0.754939387
2.05806567
2.595877989
1.742481588
0.403821794
1.84566415
1.896171459
2.529758122
2.586734669
2.286163631
2.866795195
1.877439901
3.836712697
3.428612553
2.159761956
1.347667833
0.765674887
1.518345824
1.918410021
1.630636577
0.661866979
-0.953926812
-0.94075399
-1.605032259
-1.956965362
-3.248781086
-2.319002155
-2.109668198
-1.306528214
-0.80920879
0.85855672
2.07989423
1.203289652
-0.463425757
-0.150569487
-1.323112279
-1.103232931
-2.235040119
-2.310455292
-1.239220851
-2.26977936
-3.737417345
-1.889173105
-0.791867478
-0.889048006
-1.863849852
-3.148978898
-3.425274145
-4.291854305
-4.216872808
-1.808561876
-0.5960604
-0.561143743
-1.744725702
-1.512808409
-3.129834835
-3.917718391
-3.706405105
-2.463026587
-3.207394788
-0.965194198
-0.539309233
-0.112804133
-2.22961788
-2.471762533
-2.22107191
-0.082540956
0.549160138
-0.275721702
-0.236204822
-1.143756853
-0.074847882
0.502228893
0.245326331
-1.850755115
-1.315289944
-1.109935246
-0.87935097
-0.929726061
-1.027939615
-2.207746125
-1.860304834
-2.147787618
-1.726640224
-0.520824932
0.926060921
0.286644958
0.121721495
0.320801397
0.143442087
0.565612569
0.323072316
-0.765281533
-2.534473247
-2.001369353
-1.885162996
-1.249996504
-0.765556674
-1.766235435
-0.898596996
-1.674769645
-2.073277606
-1.982663158
-3.529011596
-4.021181276
-3.036856304
-4.643275424
-4.929756963
-3.97614226
-2.657564533
-4.275242811
-4.14931689
-2.478151611
-3.177844281
-1.911557531
-0.546609396
1.263506743
0.720347416
-0.077111335
-1.097570034
-0.786532478
1.318903965
2.005882761
1.215981301
0.697274046
-0.55475266
-0.156217882
-0.100187761
-0.459289398
-0.791130057
-1.06216468
-2.254786436
-1.687556315
-1.692514171
-0.82300181
0.244102777
-0.123660997
0.077043633
0.979934956
-0.876962572
-1.344691644
-2.749970107
-4.675360833
-2.321829307
-1.379474596
-1.810926275
-3.125904908
-3.196913727
-1.997615688
-1.221539498
-0.489862904
-2.593863545
-2.494996882
-3.494175016
-4.340709675
-5.122590029
-4.281176504
-3.566899845
-4.211926736
-2.463019201
-2.967165238
-2.879957127
-2.830465179
-1.752502989
-1.12683368
-1.320697955
-1.642204376
-1.403991054
-0.463312914
-0.946602095
-1.714437598
-0.882327343
-0.232960813
-0.921482991
1.01610356
2.162337524
2.839966408
2.687554311
2.627919536
2.893405757
2.427722366
2.69496795
2.606727473
3.821115309
3.146032227
1.887228682
0.623957801
0.924909329
0.668899078
2.011875922
0.639099057
0.450601114
1.102587879
0.659554991
-1.618291518
-2.750870412
-1.90014911
-0.951123875
-0.883725269
-1.651675338
-1.25463197
0.029227132
0.302505536
0.62800479
0.870494375
2.194092203
2.837935558
2.487564817
2.546940101
1.207729468
1.776948011
0.804797675
-0.902201822
0.389155016
-0.314350843
0.126806161
-0.110056049
-1.160433102
-2.656635353
-2.3157952
-1.089759609
-1.478642161
-1.84529857
-1.75655371
-3.030018843
-4.012161892
-4.964017196
-2.513417272
-2.584838397
-2.78574645
-3.034738962
-4.847233061
-4.910305883
-5.090854402
-6.058581997
-4.286445961
-2.442746499
-1.172428188
-1.824297889
-3.272527388
-3.802269939
-3.416529053
-3.285234521
-3.57749469
-5.282756627
-4.534369318
-2.759014438
-3.265940841
-2.534656877
-0.767481383
-1.902154259
-3.27571918
-2.818986694
-2.875498172
-3.670351601
-3.083305088
-3.351913219
-3.032707862
-2.83951445
-0.93492742
-1.238537558
-2.790141161
-2.110600305
-1.506575826
0.049316824
-0.653456997
-1.421026108
-1.183964033
-0.291647677
1.708292797
1.770612991
0.415905308
0.343154047
-0.903852064
-0.866508324
-2.965463434
-4.237342713
-4.842208413
-4.012797219
-3.645244944
-2.418803465
-4.4758062
-1.603551498
-2.729110464
-1.795109901
-2.731590478
-2.416467171
-0.850086185
1.696797686
1.105699622
0.194840643
-0.067478232
-0.454539895
-0.477149221
-0.174738778
-0.468236759
0.982007438
0.389732447
-1.033577799
-1.316310254
0.810724955
0.20332196
-0.256397572
-0.583902882
-0.497541958
-2.022358122
1.130669746
-0.489420187
-0.399969708
-0.144716747
-0.806345265
-1.826992326
-2.455625225
-1.692986803
-0.029595759
-0.448341205
0.033273991
-0.287664534
-1.036766905
-1.291527312
-1.532170334
-0.449391246
0.00779049
1.646197188
3.080894681
3.458550038
2.497861363
1.988749097
0.560952611
0.881867041
0.601205018
0.433892412
-1.111974513
-3.015867971
-0.971151908
0.543025163
0.192104753
-0.939379118
-1.919848062
-3.651061336
-4.199889041
-2.743052263
-1.478830281
-2.216175941
-1.540416763
-2.03368334
-2.164449734
-1.317081133
-0.393755619
-1.22305548
-1.381716819
-0.884909128
0.643828534
0.769828808
1.357298154
2.141237921
1.856202845
1.925466686
1.869587931
2.019441839
3.633040095
3.69229601
3.537185826
4.641133855
4.983448411
2.862864908
2.653586642
1.355503162
2.179255777
2.958872013
2.50963413
3.559911566
3.480076209
2.967209689
1.922070258
2.482397709
0.93079596
2.262384615
3.331570726
1.485220983
2.657702081
1.760275834
0.53090068
2.440411626
0.880916955
1.646496028
1.711040599
1.712011161
1.76402474
0.776915314
-1.462147458
-0.179046044
-0.629380685
0.221108218
0.562637195
0.118094864
1.602843824
1.357974502
0.46493669
0.708232976
-1.012965541
-1.156243396
-0.744030251
0.392938443
-0.752876229
0.246228482
-0.326128072
0.238045359
1.105281325
0.411420631
0.502198302
-0.263026447
-0.61311573
-3.098566575
-0.623803192
0.520316202
-0.494093562
0.47501466
1.170298487
2.103030731
0.613720306
0.5580923
-0.436384962
-0.498815587
1.285193795
-0.078103864
0.594594951
0.640436216
0.958627729
1.008635905
1.423248052
2.212942362
2.79398421
1.342488594
1.803355804
1.592387952
2.434887293
3.972709727
1.786813738
1.986284849
1.180514872
0.21257793
0.751298594
0.376943988
1.118773438
0.79520338
2.994035159
3.890862721
2.732167795
2.949230189
1.721935789
2.917210793
2.935530962
3.461298813
2.70209155
2.653165218
2.585306012
0.222870653
0.492358294
-0.113155029
1.149476657
2.690854588
3.784268259
3.251985006
3.501558214
4.28640137
3.080469424
3.307129117
3.594313587
2.829891239
2.576159713
3.362429505
3.537372774
3.110880149
3.386363139
3.302979049
4.400264777
2.915803546
4.329205264
3.553194363
2.967527453
3.485361156
3.798237492
2.806986925
3.051791185
3.053426729
1.570125602
2.740352406
2.439123596
4.43430146
3.323606566
3.555980907
1.648353493
1.407372755
2.803260138
2.216596669
2.248271623
-0.451161798
1.010761911
1.331631661
3.433927786
2.013931814
0.925402443
0.068187427
1.144486538
1.450906794
0.937159563
-0.624276996
0.002072319
0.142635364
0.686091649
-0.219114503
1.701708747
2.522907419
1.673128974
3.186798371
4.650540275
4.308243493
5.251261612
4.676570632
4.386310303
1.797152575
0.050753368
-0.483673609
0.310460576
1.736377277
2.303851048
2.326905143
0.844297377
0.942967723
-1.121521741
-1.5216724
-1.665446251
-1.626200008
-1.834017519
-0.480528931
-2.46986656
-0.551572294
-0.61579628
-1.355284418
0.688951193
-1.450100181
0.751492632
2.116197559
3.830314271
2.759964643
4.231651405
3.87907541
3.369058167
2.040718497
1.761587205
1.304752971
0.11903567
-0.040875808
0.191742301
0.771887175
-0.950565426
0.358643446
-0.976913423
-1.090792513
-0.780281608
-2.060622531
-2.054728511
-2.256295838
-0.456590498
-2.017323352
-3.191755787
-3.406986992
-0.988050483
-1.894188422
-1.605705868
-3.002104967
-4.127514722
-4.051558993
-3.014834573
-3.515823302
-1.98312528
-1.854623063
-2.298505646
0.385185042
2.78996057
3.640695722
3.908740834
3.003680037
2.915527456
4.398336506
1.934048425
2.471719084
2.729227423
1.423622484
2.430488458
2.781752362
2.571893379
2.330391357
1.366713359
1.007506887
2.323812595
3.218060857
1.596476809
-0.031353559
-0.378671019
0.165077369
0.047523487
-0.137820533
1.328983409
4.027251433
4.663174043
5.812299463
6.329816731
7.040311714
8.056275419
7.607437616
6.37629875
6.05473066
4.865042457
3.223479503
4.36005419
3.325295561
1.508265392
0.373296212
1.136927354
2.535223111
2.996794298
2.48185249
3.495564172
2.419169855
2.255569292
2.933255986
1.727406665
2.920267025
3.983417468
3.921369684
3.264401734
2.973899272
2.227538376
0.811086143
0.488581455
-0.174217261
0.165924523
-1.334627487
-0.799925191
0.140494097
0.940561329
-1.069083952
-1.885789248
-1.10318374
-1.086824045
-1.845357179
-2.730690807
-0.80468649
0.836127133
0.834695415
1.008095847
1.052707342
0.703469733
0.42735635
0.554927994
1.147760483
0.282406988
0.303270762
0.287669867
1.467995037
2.116799521
2.448231
2.641285423
0.915635015
1.287120315
0.297114324
0.761912821
1.331715563
1.925423404
2.354486603
2.42157081
1.888844079
2.66770613
2.478382993
2.794372314
2.165987194
1.963788073
0.904096961
0.489670856
0.255191585
-0.007236108
-1.086264027
-1.506443032
-2.184193499
-2.780388263
-2.230230356
-2.852588181
-2.608706375
-3.198864724
-1.328179335
-1.493804747
-1.21144672
0.527191879
1.632743336
0.531812413
-0.628423437
1.221454031
0.599387135
-0.468650482
-1.214598756
-0.401602745
0.005823999
1.172465282
-0.452776545
1.078080403
1.697543049
1.378791266
1.955552424
2.208776762
-0.472128425
-2.094730503
-1.760068316
-1.089336207
-1.189871381
-0.599336738
0.340536648
-0.869859913
0.134948119
0.24565414
-1.052598059
-1.096140166
-0.422127648
-0.026457555
-0.991356956
-1.683263043
-2.070221926
-2.93423428
-2.060788332
-3.397860958
-2.758390069
-2.612527263
-3.41443572
-2.655425792
-2.147134729
-2.468219617
-3.478143392
-2.805477167
-2.292698718
-1.321645406
-1.140933735
-1.648861088
-1.147638763
-0.804351172
1.156368969
1.040294932
0.475052216
1.515502068
3.16379666
2.4388838
1.653818259
1.288104168
0.150402567
-1.867895692
-2.264584799
-1.498999616
-2.068693646
-1.19169475
-0.966706213
-0.96420973
0.106061308
0.483769071
1.346175772
1.230492387
2.817419711
1.597122364
1.888140144
1.714208094
0.815745008
0.289767526
0.452068557
-1.995637909
-3.772775388
-1.404948524
-1.820532486
0.094902479
0.991550494
1.385154036
2.847524654
1.416106109
-0.415202128
-1.451457026
-1.432497469
-0.408273466
-1.105355648
-0.684818048
-0.518140648
-0.252692462
-0.96026959
-0.20419532
0.07546072
-0.33814909
1.179550081
0.135260757
2.025465239
2.351234458
0.57897853
0.77840153
1.508959221
0.787540602
-0.745473491
-0.987430621
0.505892237
0.227720909
0.871808589
0.308940271
1.013997031
-1.161096828
-0.81351213
-1.101096326
0.004802949
-0.19382518
0.181744972
0.654426258
1.118762457
1.191259687
0.257215419
1.981153262
2.076697047
2.713880045
3.390208105
3.119544748
2.320232774
1.786202907
-0.103855253
-0.071441912
0.191032371
-0.520811361
-1.320328168
-2.129962946
-2.892304057
-0.633657593
1.489282823
0.537134921
1.377933113
2.247727429
1.744851736
3.00206019
3.147002138
1.605716434
3.386417055
2.979576979
3.813082742
3.319993109
2.081329703
1.683938278
0.873582031
0.77567249
0.855140241
0.126267697
-0.417269908
0.173577248
0.149397876
0.032331402
-0.516992814
0.770471102
2.027503211
2.384253945
1.57146012
2.737227866
1.462170573
0.299819087
0.690465025
-0.464037561
-0.327857214
-1.186008182
-0.14829998
1.363150859
2.199376199
0.828325754
-0.040146692
-0.169329856
-0.161367675
-0.923115967
-0.593499247
-1.538074998
-2.403239111
-3.568791258
-3.367475954
-3.733163489
-3.316970979
-4.353753604
-5.706056247
-5.889142631
-3.850012012
-3.469644901
-2.672165486
-1.488205848
-1.241002416
-0.867009269
1.177540907
1.555404035
2.143046741
0.399141858
0.480045401
0.471097289
-0.958135982
0.59922622
-0.186658482
0.054485661
0.737930349
1.418531773
-0.568523684
-0.573414972
0.162256487
-1.781672192
-0.536138321
0.036122765
0.77079227
1.596322514
1.697375537
1.155678583
1.289924314
0.102556104
-0.683260844
-2.166027849
-2.140750295
-1.995147801
-1.784347324
-1.79500331
-0.923017413
-1.166507143
-2.534949711
-1.904942013
-1.222817612
1.437840143
-0.307265808
-0.115202348
0.961131474
1.465842656
-0.352072488
-0.628220108
1.032682862
0.279351509
-0.017324254
-0.566582743
-1.071246571
-0.746579213
0.018248472
0.929504258
0.051480945
0.543092411
-0.246420823
-0.846806594
-2.672268132
-0.606864185
0.406989374
-1.2711947
-1.780903171
-1.829030374
-1.266361098
-2.608240595
-3.029176899
-2.804771832
-2.709886683
-2.669865651
-3.048878034
-3.426493352
-2.70158983
-0.536488639
1.226770031
-0.400012582
-0.72568503
0.642871119
0.893554713
2.264593132
1.102423633
1.742096037
1.983760516
1.715240894
2.102955889
0.55519622
0.20152303
0.488655496
2.495002776
2.009369155
1.381788018
0.833662261
1.107034917
0.612525701
1.340392432
0.823049679
0.818776755
1.310882544
1.249354003
3.16689503
2.305399231
4.479110955
2.945892339
3.368231566
2.13864238
3.503088579
2.373391525
2.885162642
4.479562922
5.270068331
3.430313505
2.323733543
2.216585791
0.244886213
0.597577632
0.661087102
0.868286929
-1.203296603
-2.358946859
-1.728712205
-0.960018954
-1.336329279
-2.388557962
-1.398797861
-1.922102553
-1.235963773
-0.592118626
0.102435549
-1.084823332
-0.063038349
-1.661079611
-0.785399641
-0.501330985
0.440642223
1.739198376
1.193289609
-0.034269314
-0.370449806
-1.382107615
-2.11861403
-1.476435398
-1.917789241
0.937673386
0.327693268
0.926736914
0.839780277
-0.430177113
-0.762540351
-0.508768283
-1.351394845
-1.754189554
-1.799171439
-2.341230173
-0.678496544
-1.660837616
-0.989013756
-0.518678892
1.19097836
0.147312631
-0.26403818
-1.827376425
-2.067909707
-2.282772753
-2.511197022
-1.709088342
-2.587946123
-1.239365069
-0.976622233
-0.281984305
0.546500566
-0.103851905
0.197950452
-0.17158911
-2.000275061
-2.320743577
-1.172714014
-1.222444673
-3.204263301
-2.535176542
-2.588179705
-3.110824006
-3.261504497
-3.658480308
-3.872131656
-2.821730015
-0.759634582
-1.381763111
-1.928134838
-1.149833183
-0.425402925
0.47527413
0.341163818
0.859265253
1.332287282
3.838109184
4.100340475
4.115875476
2.648599285
4.518740508
4.413023537
3.5622435
3.14264539
1.170902599
0.688659661
0.526631809
-0.264778277
-0.203646193
-0.503501812
-0.793029729
-0.247906378
-0.016234047
-0.15046826
-0.907969898
-0.416812377
-0.189634657
0.165751966
-0.49651051
-0.221421824
-0.049916566
1.388644846
1.746436095
1.547979879
1.109580191
0.379365192
1.148345491
1.460931292
2.410336631
2.606048047
2.41931365
2.400889406
1.26559826
0.027733299
-0.821663687
-1.545170322
-0.955679919
-1.196874102
-0.733849607
-1.294792452
-1.586370269
-2.101624724
-1.337827627
-1.818662819
-5.116111788
-4.364072139
-3.390146191
-3.45116783
-2.494317037
-1.474404935
-1.799938476
-1.429645972
-1.809009062
-0.548324011
-0.690193886
0.305786264
-0.831107721
-0.633648065
0.059841154
-1.829007582
-1.127159435
-0.636993387
1.000046561
-0.892930803
-1.462657377
-1.077745494
-0.052201033
-0.518879916
0.840058077
1.828916259
0.965441306
1.507767518
0.520297502
1.032663071
0.412888735
0.921452277
0.831224545
1.423450997
1.155598289
1.794659872
1.050681444
0.851982855
-0.609299929
-1.794207622
-2.07469946
-0.321846924
-0.792711964
-0.356303486
-1.477762392
-0.7460875
0.795925288
2.199532848
2.36395366
2.748912017
4.102143464
3.439729402
3.152779442
2.214476805
2.162876974
1.411013536
0.72569094
0.966899762
0.21801696
0.109163971
-1.154473378
-2.007785669
-1.875291756
-1.216075925
-1.969329252
-1.932289113
-3.04743954
-2.161922532
-3.073179603
-2.797417483
-2.541786681
-2.690900248
-2.3345126
-1.864929809
-3.824990081
-4.299947551
-4.769128836
-4.150269758
-5.941747474
-5.217155496
-4.905977203
-3.973885303
-3.351104226
-2.242811283
-2.528339082
-0.975718155
-1.268413686
-0.412008725
-0.650390894
0.1274143
0.333345605
0.597483549
-0.956367937
0.194592378
-0.264391434
-0.428408497
-1.607474683
-1.557724156
-1.493842029
-1.704451152
-1.707406928
-2.136780732
-0.992924368
-0.048950378
-1.532732649
-2.10301551
-2.030449136
-1.69349377
-0.689172682
-1.569336285
-4.623658759
-3.713490226
-3.361221441
-1.713589946
0.551253024
1.441420791
1.176529462
0.630013741
0.566551194
0.612853881
0.326555842
0.666100641
-0.095079437
-0.66675368
-0.119680348
0.906118508
-0.098839021
0.200360751
1.275658001
1.506922715
1.844422712
2.090380108
1.527556109
1.46008136
1.688057587
0.819336547
-1.116675238
-0.699398208
-1.445831339
-2.789278252
-3.507912734
-1.816431749
-2.184570426
-2.179279292
-0.91273895
-1.197460102
-2.282917939
-1.737719342
-0.289323975
1.477134484
2.793214399
2.307040709
2.380475209
1.031028308
0.817449284
2.067807589
1.693515519
2.240576948
2.657539959
3.388832011
3.640333576
4.229333739
3.488974018
2.351544768
4.036155105
2.08208499
2.03575243
3.405841441
2.13419725
4.049315705
3.151543304
0.734070391
2.758791684
4.646217457
4.937352453
5.554752178
4.42210358
3.714522488
3.279742179
