2.52343032
2.14133795
2.75669252
2.54710093
2.12431604
3.40726626
3.36968706
3.23400977
2.58388938
2.72071419
1.67921731
2.22548313
0.82641929
1.30214565
1.8576027
1.17811749
2.79539213
2.20556945
1.08427051
0.87700381
1.86568738
3.34355962
3.66678054
3.12984665
3.6785572
3.09597099
1.96903126
2.78067506
2.64595671
1.93632007
1.83747182
2.98648475
3.82228306
0.82588265
1.54541089
-0.15625104
-1.45136758
-0.42341882
0.62736322
-0.4361463
-0.61781345
-0.33163545
-0.71762703
-1.60680377
-0.55994244
-0.29826185
-0.45773948
-0.58586969
1.3480425
-0.90725948
-0.28598999
-2.23496662
-1.14346189
-1.78177496
-2.87341045
-2.29336931
-2.22652267
-0.02872071
-0.14093484
-0.48795161
-0.59219009
0.53192308
0.43211689
0.32893057
-1.12807826
-0.52890644
-0.38210785
-1.40417544
-0.66124388
0.30276332
0.04649772
-1.28228187
-2.04817519
-1.68687253
-2.47773126
-1.07001535
-1.40394844
-1.97290972
-1.02378129
-2.69989421
-2.32886101
-0.93797897
-2.15658026
-0.10860182
-1.44289424
-1.49762156
-1.21911521
-1.66609163
0.63318862
0.62381092
-0.39603609
0.23697
-2.4666723
-1.21296756
-1.56190381
-0.41728623
-0.03599276
-0.52259039
0.33117022
0.15817397
-0.49463052
0.61954831
-1.21488382
0.21341852
-1.55786139
-0.26078991
-0.7787158
1.37840587
1.56794061
2.92984223
3.45264148
2.30371666
3.1186014
4.36111682
1.99364739
0.73174764
1.36384567
1.95093973
1.92958112
1.02136033
1.20881279
0.93653534
2.94214126
2.38546922
3.95251356
3.44429628
1.96826511
2.95033937
2.46312102
4.7574086
4.11526472
2.24630533
2.82181037
2.30949012
2.22694134
1.66887016
2.03207246
1.4363945
1.65295487
4.26964341
1.95203468
1.76895487
0.49286261
2.0181336
2.35323489
3.87001117
2.82823388
2.4374338
1.04681558
1.04340312
0.77847358
0.96468358
1.52064532
0.26354307
0.85716976
2.11468315
0.09551187
0.74711378
-0.13141559
0.89761051
-0.74234822
0.94527151
0.88906527
0.11042511
0.77244987
1.07248419
0.81890711
-0.15683809
-0.47022743
-1.36109241
-0.5868443
-1.12391829
-1.02159274
-1.21078457
-1.86363163
-2.0764156
-1.88942246
-3.1424364
-2.66779746
-1.96459687
-2.32419133
-0.96243315
-0.401093
0.03995408
0.42572629
-1.84242758
1.12862003
1.37402208
-0.17306134
1.25829838
1.57529634
1.56004576
2.62798669
2.60277964
3.82013325
3.77428028
1.40155137
1.34111362
0.80265422
2.91305397
2.03126172
3.30159186
1.39055241
0.2622789
2.03010272
0.953656
2.26293289
1.32081766
0.14179119
0.16345059
1.09979182
1.94810106
0.95493744
0.21324611
1.37686329
1.5840939
1.44332631
0.93322907
2.62241657
4.36404288
1.61505839
1.56396511
0.75640523
1.92915898
0.94241792
0.40312637
-0.47869277
-0.51422623
0.14704484
0.02751036
0.48022607
0.70706625
0.54502285
2.22320764
1.35380177
-0.07078884
-1.55547948
0.28999698
1.85194186
0.44400052
0.5106287
0.01149641
2.95499846
1.88454435
0.59907945
0.84001742
1.54100768
3.7823253
3.67421754
2.8657422
2.43504675
3.44050524
1.78984148
2.04427073
2.66988246
0.91844336
0.17514539
-1.07817998
-0.2686326
0.94458289
1.24131884
1.21717383
-1.58472446
-1.33587789
-0.1542041
-1.58847875
-1.7598277
-2.15812147
-2.45728117
-2.24483722
-0.98873648
-1.07812098
0.04281144
1.14646785
-0.19750129
0.02034088
-0.5271645
-1.37446601
-1.07970758
-1.17765318
-2.77632236
-5.2702715
-6.17994677
-5.53078946
-5.28597948
-3.71604307
-4.31138594
-4.76265427
-2.41722275
-5.0881197
-4.42950473
-5.19042017
-5.28867998
-4.91740871
-2.85996877
-1.05300407
-0.33248308
-0.95868026
0.79288741
-1.26296825
-2.29127098
-1.10335685
-3.48135545
-1.87327748
-0.5975062
-3.13798943
-1.01473043
-1.28434187
0.01221564
0.17268254
-0.27742999
0.42705133
-0.1371712
-0.55491519
-1.8647716
-2.04365735
-2.09474056
-0.53584623
-0.14830788
0.02798757
0.46019323
1.27926084
0.83156494
0.65788308
-0.04510828
0.75394593
-0.92339703
-0.22006384
-1.67979648
-2.30940304
-3.75475085
-1.90819369
-2.20656986
-0.67337908
-0.96696571
-1.57721471
0.02227173
1.56755805
1.98809494
1.76567087
3.31115192
1.32127513
0.89723625
1.50133847
2.53695724
0.4005052
-0.20450597
-0.87100031
-1.11606346
-1.74740374
-2.50031557
-2.94428797
-2.31111524
-2.14286568
-1.17697767
-0.22471353
-0.81944217
0.09782311
2.4459067
1.72229552
2.48336422
3.03904723
3.06190939
1.69529109
2.09795909
0.12474367
0.19426519
-0.71822571
-1.00593028
-0.4230015
0.23177439
0.69120973
0.77561601
-0.01956704
-0.66674387
-2.39660475
-4.1092297
-3.29207069
-3.30310653
-3.07577086
-0.08216646
-0.39428
-0.45180781
-0.19919244
1.03922684
1.26937258
1.63581305
1.45686726
1.76608225
3.04235851
1.23610179
0.81764577
1.69575829
0.44213969
-0.68048244
-1.56614231
0.35890674
-0.90849819
-1.73094978
-1.56034412
-1.248693
2.08622395
0.6117354
-1.06940129
0.92420438
1.12416321
1.6659112
1.67904509
0.28663946
0.822108
0.27067082
1.65387459
2.92742743
2.47269606
0.76221415
0.43109093
1.34496701
2.92080129
2.11033297
0.80656414
2.13033134
0.66774082
-0.80786967
-1.61007276
-0.65326375
-0.12094397
0.22651361
1.10140522
-0.17942487
1.56356655
2.54492583
2.13107085
2.63111762
-1.41767397
-1.27578562
0.20361562
0.1069687
-0.25789377
-0.71791215
-0.63212708
-2.68710422
0.56356789
-1.52557176
-1.30435171
-0.23899409
-0.91961804
-0.41695014
-1.86723204
-3.26323543
-3.63148093
-3.05455337
-2.71663544
-2.98941984
-4.0813523
-4.20721983
-4.57193292
-5.1297274
-4.50164065
-2.85789778
-4.74458853
-3.48839961
-1.81877101
-1.97932568
-1.32168983
-1.03872386
0.08580044
-2.55688546
-2.11954408
-2.75674245
-2.17043054
-1.7337316
-2.31645217
-3.52471505
-2.38302936
-2.5473225
-1.93144662
-3.28872448
-3.86578104
-3.70166113
-3.64597656
-2.37558402
-1.94298874
-0.68281242
1.54327719
0.15315495
0.31013487
-0.23337736
-0.21944599
0.60149818
1.52734359
0.16901669
0.33432671
-0.20735827
-0.01296505
0.98125474
0.53622512
0.99354237
-0.87209024
0.47422901
0.09097611
