2.639466705
1.592511588
3.829969937
2.479657752
1.359809903
1.795237968
-0.052525167
-3.161584621
-2.419468477
-0.28566864
2.753861419
0.286816438
-0.352203742
0.83516995
-0.061312099
1.84896145
3.498100279
-0.373825216
-0.901986588
0.65205883
1.792947983
1.985495824
3.123826271
1.162006991
-1.597676326
-0.241173513
-0.155958077
-0.290496868
-1.772765113
-1.358113335
-1.446647453
-2.757884524
3.047486027
2.758741023
0.140678829
-0.49660394
-0.294014727
-1.211224455
-1.851103585
-2.211206693
-0.780158874
-2.347953754
-1.310873659
1.910306377
1.514500688
-0.169136156
-1.838115153
-5.072583213
-0.992673629
2.1572345
1.202511822
1.155355868
-1.729562834
-1.470957881
-2.028246038
-2.716686194
-1.201665482
1.611934701
-0.840381406
-0.768592764
0.778096516
-1.120043273
-2.053322801
-3.597092035
-1.416467764
2.396198089
0.293866188
-3.069968208
-1.489296439
-2.734195197
-0.097370473
1.315354678
0.835151898
-1.155157736
-0.575999241
-0.75810076
0.86724429
1.522109315
3.577978424
3.997014506
-0.563708962
-1.650800483
-0.327852819
-0.734029157
1.247039037
1.243454477
-1.714401007
-2.094316472
-1.698850356
-2.464719029
-2.297729848
-0.762187306
-2.252546019
-1.529374757
0.839365622
2.095467175
2.864429793
4.190903365
3.360092608
0.592320522
-1.723097123
-1.26167799
-1.923191263
1.383401078
3.214418375
-1.500466953
-3.661917666
0.8096876
3.747627437
-0.707562903
-0.277616198
4.22392478
-0.868869198
-4.513614393
0.553893137
0.189762783
-1.730375292
-0.732655008
-1.05703876
-4.140018341
-0.200213097
1.099064508
2.622462168
2.688461775
-1.242800424
-0.208768469
0.09103002
-3.031476674
-1.981463358
-0.674089587
-1.210993601
1.712273278
2.104577387
1.006505832
0.753319827
0.515326213
1.447904585
3.158917909
0.857213397
-1.718728278
-1.27597373
1.536168569
-0.384626651
-2.796066896
-3.089497435
-1.731384186
-1.114084428
-2.462594585
-3.340675645
-0.482310407
0.18738622
0.789485824
2.311821345
0.990973417
-0.486695249
1.757188558
2.001074539
0.527129609
0.219683491
2.223681996
-0.473757607
-0.268630613
1.136553871
-3.422929896
-1.680149464
2.040054164
0.807457996
-0.758389908
-1.080990358
0.194721046
0.985503994
0.478405094
-0.161783582
-1.618725282
-1.500683145
-1.098516742
-3.627698635
-2.470523429
0.090677921
0.079052619
0.530777008
0.327274881
-1.335003048
0.004599501
-2.249506649
-2.064888398
-2.411378448
0.29105937
-2.014469922
-4.665746565
-1.759793198
-1.478662533
-3.83830758
-1.352355123
-1.156071378
-2.079083768
-2.785081534
0.41646357
1.422026606
1.230861236
-0.436749335
-0.452727295
-1.716966175
-0.177574538
1.76532786
0.131554951
2.174397622
1.563112409
-4.345118118
-3.419124325
0.118576786
1.165024853
1.262183005
3.963310126
1.747958705
0.182916318
-0.029322721
-1.190319665
-2.332261824
-1.059159682
-1.913578644
-0.801406559
-2.518790454
-2.475156035
-1.302713835
-2.737341557
-3.928628722
-0.766056992
0.553622875
-0.653732927
-1.368219657
1.718114966
0.081967323
0.113633181
0.353321799
-2.487893521
-0.506682611
0.261772491
-2.012695011
0.398641203
0.757397387
-0.431945189
1.184616073
4.722903411
3.632403767
0.257422817
0.968956144
1.303374709
2.013412157
0.894435498
2.050201292
1.344789681
0.94995792
-2.426852931
-4.225117681
-6.306385369
-5.439611782
-3.923068283
1.924145137
2.737766169
0.326800213
0.807338161
-1.603070755
-2.619671506
1.410451225
1.788084741
-1.222010926
-2.80627
-0.310010771
1.396453993
0.425143171
-1.204208764
-0.252777739
-0.743477042
-0.63374879
-1.750280761
-0.600626828
1.813940582
1.668682821
1.743106208
2.893292598
2.545627451
3.359484923
2.099229986
-0.445849794
-1.779548227
-1.453914081
-2.006200326
0.120204023
-0.16279982
0.607755525
-0.460638417
0.223199541
0.884036404
-1.538242085
0.087711182
-0.162924853
1.257467783
3.887682081
1.193376535
-0.008827339
-0.905277909
0.238130849
-1.133379255
-2.354477774
1.612090607
0.867082704
-0.497797258
1.352786252
0.530239121
-2.288390861
-2.002083538
-1.055964813
0.334728655
-0.60121418
2.98357213
6.408789311
0.304669159
-2.070125507
-0.741885393
-3.244380034
-0.321365677
1.561111817
-0.001428881
2.584789939
4.349303056
0.563671184
-1.901173681
-0.288231968
0.076498188
-2.621699222
-2.74657992
0.133830854
1.681785652
0.094864587
0.657115747
2.140612801
2.431867087
0.694505092
-0.467832752
-1.611839095
-0.690136052
-0.291643879
-1.623560795
-2.46979376
-1.274128632
-0.251698766
1.873152312
0.813537285
-1.337966099
1.102100598
-0.25001003
-2.002869983
0.577165354
1.706670944
-0.051733432
-1.159918999
-2.486169875
-2.832938854
-5.804962118
-6.462355026
-2.09484451
-0.513494269
-0.552441973
1.041641119
0.933813885
0.877307223
1.027622005
2.08698341
1.557945388
2.230976484
3.047448287
0.120205269
-1.859113287
0.445707621
-0.096849296
0.860117657
1.631535763
0.426311057
1.488290966
-3.342920677
-1.860988118
-2.029729212
-1.144266317
0.550463074
0.029895113
-2.247369189
1.560976557
2.581781312
-1.467794518
-0.105367669
-2.360118504
-2.80626556
-0.514511151
1.815987363
3.895565084
2.784400445
0.35782784
0.819989179
1.164334694
1.390473907
0.021550629
-0.103687041
1.582112628
2.865469578
3.967912772
2.661721086
2.697043529
2.16182624
0.938878344
0.427475321
0.167112428
-1.405907665
-1.41820736
1.979859748
2.347738274
0.483247827
-2.665686238
-0.698947691
2.032042583
4.174222044
1.726844978
0.569676452
0.884151683
1.953587758
0.888857445
0.260534416
0.102483615
-2.004005417
-2.007383214
1.337608779
-0.792578363
-2.235897943
-0.577919728
-1.459937838
-2.004146789
-2.263087601
1.277807901
2.977350545
0.906113237
-1.39333542
0.25847656
2.287889884
0.729979652
1.214265461
0.857607131
1.651584489
0.944814599
-1.062285402
0.440695294
1.381689217
1.227826632
2.543431146
0.477538
-3.566265096
-3.021121707
-1.967610846
-0.692404918
-0.786878207
0.510327754
1.261939215
-0.911587387
-1.115853794
-0.338305603
-1.660351834
-2.735631586
-1.336072193
2.643867033
2.97607901
-3.469035764
-7.111989556
-3.119204154
-1.055624073
3.980042171
2.901662118
1.13542294
1.523789102
-1.831334864
0.028501072
-0.864431723
2.158807731
2.473695288
-0.116601345
0.850354051
-0.880933112
-2.015676205
0.731383301
2.28555203
1.209685859
-0.068457118
-1.21315103
1.548970453
-1.280501315
-2.143413298
-0.047660876
0.865659818
0.405027948
1.533613188
-1.815689394
-1.905952188
