0.16800293
2.19103974
2.862415668
4.698427535
4.331377738
2.948596469
3.118722835
2.726581885
1.552774315
0.499313452
-0.162376815
-1.529969499
-0.767654466
0.689968039
-0.210404898
0.439675997
1.658089733
0.794735223
0.746957437
1.524146345
2.164528677
2.392052792
1.710259631
1.086212036
0.908496124
-1.596100606
-1.717305729
-1.696755827
-1.389170713
-1.860809633
-0.106226477
0.111407298
-2.308852511
-1.400143087
-2.001448309
-1.370417363
-1.682857999
-1.21033593
-1.450929836
-1.47033568
-1.769079251
-2.14376115
-2.896098784
-1.521354666
-2.16610603
-1.158343098
-1.729707811
-2.327886719
-2.628623449
-1.185332247
-1.670822139
-0.4602644
0.580751971
-0.667178669
-1.804172532
-3.414073501
-3.626934833
-3.004586153
-0.501097561
-1.379256608
-0.615708857
-0.681472139
-1.086468898
0.614732284
-0.258082218
1.155028313
1.218828921
1.486568079
0.986133168
0.220873297
-0.36637855
-0.75179089
-1.254964045
1.139918671
0.459506326
1.657250385
0.690987984
1.035962572
2.227332186
2.78486994
0.620190176
0.886962457
0.91660796
0.171319451
0.119887472
1.045155163
2.623533348
0.308507071
0.796048363
0.845110537
1.253443043
-0.796544333
-0.121887706
-2.960160208
-1.170873859
0.224452722
-0.471097327
0.651018883
1.35351479
0.531909549
0.044341384
0.290544532
1.474592558
0.920179267
0.336681547
0.954042994
1.117327301
0.960174826
0.553751853
-1.044730984
0.112866456
-0.780330696
-1.556269392
-1.57109081
-2.787655752
-4.163862223
-2.626889964
-1.222917582
-0.85909264
-2.559195133
-0.547645507
-1.801511616
-3.397422954
-3.062272046
-1.961708585
-0.48371271
0.241395345
0.334088438
0.270777644
0.450875377
-2.232037481
-3.910607468
-2.113510738
-3.37677021
-2.945098194
-3.55972777
-2.74859726
-1.13524967
0.253378088
0.870245861
1.596476845
2.466233188
2.964743503
-0.044519693
-0.990043034
-1.31410779
-2.446124232
-1.892395704
-2.18332205
-1.958786122
-3.011685067
-1.540880443
-1.77330126
0.158893763
0.334701605
-2.422378745
-2.418808045
-1.708066625
-0.509516465
-1.15253988
-0.994952251
0.021061725
0.597436993
0.71846568
1.044907632
1.14494643
3.272836979
3.412999846
1.131716475
1.327733081
-0.738304868
-0.922905366
-0.947410308
-1.303268406
-0.648450642
-1.076816118
-0.285101559
-2.187415343
-2.310054698
-3.700700425
-1.200924749
0.530692943
0.784303182
-0.086554392
0.159990604
1.362061631
0.990417427
0.041112804
0.229484147
-0.04522701
1.061485067
0.75043591
1.144060127
2.657819901
1.985408444
0.772730221
0.406762342
0.163827006
0.966249539
0.306145704
-2.787691345
-2.010331109
-3.669025517
-1.65265911
-1.8689409
-0.65466155
-0.826780254
-1.307592423
-1.981469902
-3.451221944
-0.858379859
-2.774888153
-1.603509402
-1.781753394
-2.699196759
-0.485932424
0.747582203
2.133409213
1.859450646
0.790564575
1.248733621
0.909352696
3.872336003
1.498822394
1.078377115
1.047553539
-0.79467173
0.994646036
-0.570815197
-2.456500355
-1.762284868
-1.745136842
-1.521537728
-1.401410505
0.371671759
-0.012333693
-0.611549862
-0.448761779
-0.338667983
-0.155212652
-0.491974245
0.752772269
-1.377318756
-0.710247623
1.184221063
2.182836066
0.920607413
1.876158298
-0.218892874
-2.209517981
-1.519329954
-2.794910628
-3.583330159
-3.345507832
-1.200906533
0.453659717
1.974227521
2.340311013
3.088529914
4.091309769
2.488409614
3.272175637
4.008713608
2.699201904
1.35604569
2.769323732
1.687666961
3.591822084
1.982247761
1.002684633
2.146683206
2.034336727
2.030876679
2.079396132
1.347565705
0.344011546
-0.91914077
-1.991135532
-0.967370494
-0.315344742
2.396058877
1.056635362
1.507095502
2.964114404
2.633901723
2.006966585
2.161264881
2.468491167
1.712691906
0.390753566
-0.714721472
-0.686644419
0.170243647
-1.6535995
-1.021984872
-0.648692054
0.902420762
0.168236505
-0.536857718
-1.219655415
-1.574824024
0.634333246
2.536276709
1.380322552
0.332296863
1.435160113
1.563848474
1.071932318
0.774554616
-0.294258594
-1.320730541
-1.216509521
0.303052689
-0.919722174
-1.522316774
-2.398246266
-2.149105672
-0.658704057
-0.834058209
-2.477902807
-2.402630764
-3.535648427
-2.787273906
-2.827747407
-1.194828717
-0.99291144
-0.265153364
0.166513137
0.143850362
0.132021151
0.395865858
0.413795689
-2.128697283
-0.877758874
-0.432407049
-1.499696216
-0.894396873
-2.611144944
-2.916522222
-0.661410211
0.331469189
-0.322486534
1.328993815
1.923855337
3.40901849
2.439615865
1.134878076
1.521410541
0.245720175
-0.008110946
0.353090229
2.083061593
-0.1576183
0.04908181
-0.385148443
-1.490608365
-2.6643623
-0.53179362
-2.234590927
0.572686673
-0.980379698
-1.982346918
-1.804631898
-0.887277939
0.437739395
0.661400936
1.563067846
0.576931567
-0.273410574
0.047951505
-0.260237588
-0.185639885
-0.27606566
-0.748859482
0.429038896
-1.380089553
0.233990305
1.052752894
0.428630535
1.534389022
1.121952978
1.388124515
0.441464183
-0.364897755
-0.19950192
0.364958507
1.324324441
0.578699822
0.349340177
-0.156650947
0.053699672
-1.098791138
-0.249091227
-1.469766953
-3.306796956
-3.389112246
-2.519066199
-0.472318612
0.471681662
0.455921277
0.401249234
0.265716391
1.38404696
1.853626654
2.859240598
2.357357716
1.358806719
-0.119966456
-0.712574795
1.051846716
1.844806953
0.694999244
1.425167382
2.312528877
2.229504825
1.600724966
1.152059475
0.308442471
0.400980918
1.069123389
0.617479718
-0.025436496
0.706096798
-0.716868303
0.493000356
-0.951383521
-0.230693128
0.14666726
-0.145398225
0.834652073
0.134276005
1.085608452
1.227982206
-0.426091106
-0.691013709
-0.785385769
-1.520083871
-0.543230913
-1.08209766
1.63555865
-0.131535683
-0.285648864
-0.100024521
0.385454862
0.617792096
-0.741851031
-0.276366463
1.227414889
1.551599253
2.599283538
1.492836024
1.258489055
2.341258675
2.380954023
3.181772603
2.021607742
1.694621992
1.312677501
1.073300042
1.773173518
1.594681026
1.579682729
0.780929574
1.41054044
2.478827198
2.769618406
1.686561728
0.784793304
1.507913652
2.395726066
0.400461624
0.529988669
0.164859065
0.508260197
-0.363914158
-1.541904176
-0.306268058
0.621725492
0.867574971
0.273913347
0.698120241
1.571416603
2.688892946
1.584852814
2.192714021
0.610776738
1.24681779
1.373504231
1.898641412
1.790228044
1.419686385
-0.286713148
-2.089987046
-1.555234396
-0.385048154
-0.704177425
0.0403511
-3.408318718
-1.493885592
-2.127388668
